
 History train loss: 
[8.71021719e-01 7.38499534e-01 7.69177673e-01 7.65731417e-01
 7.88248928e-01 8.82772058e-01 7.45381921e-01 7.40098051e-01
 6.60089099e-01 7.78834198e-01 5.73316713e-01 6.24821989e-01
 5.87591258e-01 5.99301555e-01 6.09028348e-01 5.82091102e-01
 5.17331282e-01 4.77540570e-01 5.94971399e-01 5.67347463e-01
 4.97278040e-01 4.62527835e-01 4.39882942e-01 4.00668837e-01
 3.88326736e-01 2.84707721e-01 3.01974220e-01 2.91724777e-01
 1.79516787e-01 1.30920961e-01 9.13359585e-02 3.76184574e-02
 5.34788843e-02 2.01259348e-02 9.12030792e-03 6.14209438e-03
 3.63165501e-03 5.08080189e-03 1.09892821e-02 4.58012118e-02
 2.22024260e-01 7.31622440e-01 5.60265492e-01 5.31954614e-01
 3.43519880e-01 2.02454451e-01 1.49452891e-01 5.53250178e-02
 5.68605704e-02 2.39410416e-02 1.03431424e-02 6.23704218e-03
 4.63581770e-03 2.97158535e-03 3.56134315e-03 3.72865511e-03
 2.14576134e-03 1.11227350e-02 3.82519332e-01 2.85066380e-01
 2.75780121e-01 3.20071184e-01 1.80051095e-01 1.54467180e-01
 3.95980577e-02 5.10096861e-02 9.09620803e-03 1.19826102e-02
 5.40574127e-03 2.77989996e-03 4.13017081e-03 2.20272500e-03
 2.50180005e-03 1.84797632e-03 1.58865189e-03 1.16739129e-03
 3.40957152e-03 1.86094137e-03 9.80590364e-04 7.63095508e-04
 9.48900181e-04 9.54894017e-04 5.99461569e-04 8.25130810e-04
 8.08990829e-04 6.02142627e-04 5.81729692e-04 7.53471017e-04
 5.43468764e-04 4.76132571e-04 4.10668245e-04 4.62438787e-04
 1.20264183e-03 6.17760471e-04 5.82241940e-04 5.61202968e-04
 3.93314330e-04 4.78638516e-04 3.37410487e-04 3.72282122e-04]
 History train acc: 
[0.48113209 0.57547171 0.5283019  0.55660378 0.50943397 0.57547171
 0.56603775 0.60377359 0.6792453  0.62264152 0.73584907 0.63207548
 0.70754718 0.66981133 0.68867926 0.71698114 0.73584907 0.72641511
 0.70754718 0.72641511 0.78301888 0.73584907 0.77358491 0.81132076
 0.85849057 0.86792454 0.89622642 0.8773585  0.95283019 0.95283019
 0.98113208 0.99056604 0.98113208 1.         1.         1.
 1.         1.         1.         0.97169811 0.89622642 0.73584907
 0.74528303 0.78301888 0.83962265 0.91509434 0.95283019 0.99056604
 0.99056604 1.         1.         1.         1.         1.
 1.         1.         1.         0.99056604 0.86792454 0.88679246
 0.88679246 0.90566038 0.95283019 0.94339623 0.98113208 0.99056604
 1.         1.         1.         1.         1.         1.
 1.         1.         1.         1.         1.         1.
 1.         1.         1.         1.         1.         1.
 1.         1.         1.         1.         1.         1.
 1.         1.         1.         1.         1.         1.
 1.         1.         1.         1.        ]
 History test loss: 
[4.33866112 4.2367597  1.17352483 1.76874692 0.72963622 2.29893349
 0.92473922 0.82823664 1.90499794 1.03043773 0.8745892  0.83337864
 0.99269394 1.19852893 0.80081776 0.84463669 1.5873257  1.50701725
 1.2634438  2.82643419 2.04541355 1.35057856 1.77283341 1.8993027
 1.75332292 1.66147205 2.06720525 1.61768895 2.86585737 2.43070657
 2.96514496 2.85526815 2.90215606 2.93885924 2.92278515 2.69658356
 2.48771802 2.63013991 2.60407539 1.7335889  4.63581667 1.9742038
 2.47343678 1.47095009 3.26301106 3.7977308  2.98625825 2.72497139
 2.42924062 2.45386225 2.36904644 2.14171427 2.23547808 2.22793871
 2.22869397 2.18675145 2.11085439 3.02392832 4.21114687 1.59141944
 5.54563966 2.99065868 3.73897826 3.54535612 4.04158962 3.71942069
 3.40385595 3.2814268  3.10314804 3.00864711 2.84346382 2.79998587
 2.7488241  2.79573819 2.78705547 2.78805339 2.9649896  2.9185785
 2.88991849 2.89155779 2.94515971 2.97450082 3.00620813 3.02251812
 3.05728868 3.06877305 3.0660557  3.08968744 3.09403625 3.10128817
 3.11304854 3.13401066 3.08968284 3.08988505 3.0982021  3.13248961
 3.16426561 3.19796414 3.20638972 3.21416105]
 History test loss: 
[0.53846156 0.53846156 0.61538463 0.46153847 0.46153848 0.46153847
 0.46153848 0.38461539 0.46153847 0.53846156 0.38461539 0.38461539
 0.3846154  0.46153848 0.38461539 0.46153848 0.46153848 0.46153847
 0.46153847 0.46153848 0.46153848 0.3846154  0.61538463 0.46153847
 0.46153846 0.46153848 0.3846154  0.46153847 0.38461539 0.30769231
 0.38461539 0.30769231 0.38461539 0.38461539 0.30769231 0.3846154
 0.3846154  0.30769232 0.30769231 0.3846154  0.46153848 0.61538464
 0.30769231 0.61538463 0.3846154  0.53846155 0.53846155 0.46153848
 0.3846154  0.46153848 0.3846154  0.53846156 0.53846156 0.53846156
 0.53846156 0.53846156 0.46153848 0.53846155 0.61538463 0.61538464
 0.46153847 0.53846155 0.46153847 0.46153848 0.46153848 0.46153848
 0.38461539 0.53846155 0.46153848 0.53846155 0.53846155 0.53846155
 0.53846155 0.53846155 0.53846155 0.53846155 0.53846155 0.53846155
 0.53846155 0.53846155 0.53846155 0.53846155 0.53846155 0.53846155
 0.53846155 0.53846155 0.53846155 0.53846155 0.53846155 0.53846155
 0.53846155 0.53846155 0.53846155 0.53846155 0.53846155 0.53846155
 0.53846155 0.53846155 0.53846155 0.53846155]
Train Loss: 0.21807009796441482
Train Acc: 0.8943396265368979
Test Loss: min: 0.7296362198316134 mean: 2.573731957536477
Test Acc: max: 0.6153846383094788 mean: 0.4815384749380441
######################################################
 History train loss: 
[9.57492582e-01 7.67135964e-01 7.36402250e-01 8.89314403e-01
 8.39418957e-01 8.35670748e-01 7.02171693e-01 6.74955977e-01
 6.60195994e-01 6.76883236e-01 5.65892521e-01 5.71761894e-01
 5.81907264e-01 5.47797031e-01 5.63889215e-01 7.35242678e-01
 7.00503056e-01 6.26000002e-01 5.70759449e-01 5.19854161e-01
 6.93400585e-01 6.34375973e-01 5.25947690e-01 4.76586715e-01
 4.87323853e-01 3.74621831e-01 3.21807034e-01 4.26221093e-01
 2.99589451e-01 2.70088795e-01 3.08941132e-01 6.66981093e-01
 6.20487517e-01 4.92790074e-01 3.29209405e-01 2.88095058e-01
 2.37732090e-01 2.38145109e-01 9.59997662e-02 7.80669366e-02
 5.48834032e-02 8.16886983e-02 9.01985027e-02 4.54053955e-02
 2.03082995e-02 1.61460915e-02 8.27498484e-03 2.83646791e-02
 1.02903713e-01 6.45015780e-01 5.65989019e-01 3.20225216e-01
 2.05832012e-01 9.34532377e-02 7.65196051e-02 2.62062746e-02
 1.05815269e-02 8.26376483e-03 6.49099604e-03 4.70420408e-03
 4.63988863e-03 3.40439780e-03 4.00303294e-03 4.13022119e-03
 2.49635039e-03 1.91011219e-03 1.86140472e-03 2.03496419e-03
 1.79030424e-03 1.85783173e-03 1.56202050e-03 1.46956961e-03
 1.31803499e-03 1.02019067e-03 9.49381646e-04 1.16905014e-03
 1.02321882e-03 1.09279989e-03 8.02381865e-04 9.50335579e-04
 8.24808945e-04 7.73725917e-04 7.17695770e-04 8.64922861e-04
 2.38269064e-03 1.01182088e-03 6.51494895e-04 5.62796988e-04
 6.39523349e-04 6.28309490e-04 5.46586328e-04 5.75089982e-04
 4.31230085e-04 3.56352925e-04 3.78741640e-04 3.86501724e-04
 4.36582241e-04 4.40074420e-04 3.74494729e-04 3.95796704e-04]
 History train acc: 
[0.47169812 0.54716982 0.55660378 0.5283019  0.58490567 0.57547171
 0.58490567 0.62264152 0.63207548 0.66037737 0.68867926 0.65094341
 0.69811322 0.64150945 0.72641511 0.63207549 0.63207548 0.66981133
 0.69811322 0.71698114 0.63207548 0.66981134 0.72641511 0.74528303
 0.72641511 0.83018869 0.83962265 0.8018868  0.86792454 0.88679246
 0.88679246 0.6792453  0.70754718 0.78301888 0.85849057 0.84905661
 0.89622642 0.91509434 0.98113208 0.97169811 1.         0.98113208
 0.96226415 1.         1.         1.         1.         0.99056604
 0.96226415 0.76415095 0.79245284 0.86792454 0.88679246 0.97169811
 0.98113208 1.         1.         1.         1.         1.
 1.         1.         1.         1.         1.         1.
 1.         1.         1.         1.         1.         1.
 1.         1.         1.         1.         1.         1.
 1.         1.         1.         1.         1.         1.
 1.         1.         1.         1.         1.         1.
 1.         1.         1.         1.         1.         1.
 1.         1.         1.         1.        ]
 History test loss: 
[7.43912076 4.67331343 2.81361685 3.86712613 2.75184916 2.157477
 0.88165318 1.09965501 1.60149108 1.11615061 0.87745999 1.10043774
 1.1306536  1.16533547 1.10455703 0.95551692 0.97392544 3.76768327
 2.38104534 2.23737425 1.76544385 1.80513416 2.74450627 2.24974239
 1.30823365 1.33319776 1.43120599 0.83485472 3.18726569 1.99005704
 1.46078244 3.02215158 3.15315774 2.11908929 2.50451315 1.54704573
 1.2420086  0.80656881 0.9177586  1.09185176 1.1233167  1.08503939
 1.2024304  1.49116939 1.14609613 1.30973907 1.34007302 1.67554681
 0.93952597 3.07881311 3.23290964 2.55543284 1.71254107 1.608906
 1.57645296 1.55035419 1.27613353 1.38742569 1.46076224 1.44124568
 1.46519283 1.51879507 1.54290328 1.49114108 1.56262858 1.5857198
 1.67850886 1.63653387 1.59613373 1.67283677 1.66403354 1.65445977
 1.66394119 1.72520697 1.75948464 1.73119788 1.7790586  1.72477746
 1.73911485 1.81184969 1.83030366 1.83746793 1.82994728 1.94639968
 1.82590045 1.64288604 1.76218868 1.82494069 1.87407363 1.84954922
 1.84065681 1.85727904 1.93406847 1.90819355 1.89480559 1.88649428
 1.92773134 1.92412989 1.91153127 1.94632768]
 History test loss: 
[0.53846155 0.46153847 0.53846155 0.53846155 0.61538463 0.53846155
 0.46153848 0.46153848 0.53846155 0.38461539 0.6923077  0.3846154
 0.53846155 0.46153848 0.53846155 0.46153848 0.53846155 0.53846155
 0.46153848 0.53846156 0.53846156 0.38461539 0.53846155 0.46153847
 0.53846155 0.53846155 0.53846155 0.46153847 0.53846155 0.46153848
 0.61538463 0.46153848 0.61538463 0.61538463 0.61538463 0.61538463
 0.61538463 0.69230771 0.61538463 0.61538463 0.61538463 0.69230771
 0.61538463 0.53846154 0.46153846 0.53846154 0.53846154 0.53846154
 0.53846154 0.6923077  0.38461539 0.61538463 0.6923077  0.61538463
 0.61538463 0.61538463 0.6923077  0.6923077  0.6923077  0.6923077
 0.6923077  0.6923077  0.53846154 0.61538463 0.61538463 0.61538463
 0.61538463 0.61538463 0.61538463 0.61538463 0.61538463 0.61538463
 0.61538463 0.61538463 0.61538463 0.61538463 0.61538463 0.61538463
 0.61538463 0.61538463 0.61538463 0.61538463 0.61538463 0.61538463
 0.61538463 0.61538463 0.61538463 0.61538463 0.61538463 0.61538463
 0.61538463 0.61538463 0.61538463 0.61538463 0.61538463 0.61538463
 0.61538463 0.61538463 0.61538463 0.61538463]
Train Loss: 0.24053980411986672
Train Acc: 0.8793396273452155
Test Loss: min: 0.8065688117192342 mean: 1.830623189319414
Test Acc: max: 0.692307710647583 mean: 0.5807692418992518
######################################################
 History train loss: 
[9.57105235e-01 7.30520839e-01 7.64205860e-01 8.03756465e-01
 8.08928230e-01 7.35268602e-01 6.79673358e-01 6.58715086e-01
 7.30278242e-01 7.17381594e-01 6.72432293e-01 6.15518308e-01
 5.92546803e-01 5.11732762e-01 6.11479869e-01 5.36114319e-01
 4.11687527e-01 4.46967016e-01 5.12955148e-01 7.21837850e-01
 6.35748313e-01 4.77970990e-01 4.38388046e-01 3.88630562e-01
 4.27726317e-01 4.71081713e-01 3.99191034e-01 2.70575610e-01
 2.92552092e-01 3.02257665e-01 2.48100618e-01 3.09824841e-01
 2.79302462e-01 2.72756760e-01 1.61256053e-01 4.00276681e-01
 3.94448014e-01 2.24266807e-01 1.42446862e-01 1.54710660e-01
 1.83349732e-01 1.40661440e-01 8.82236225e-02 6.84216116e-02
 3.10383872e-02 2.48013930e-02 1.38026417e-02 9.22095350e-03
 9.06072186e-03 3.02012464e-02 5.00159813e-01 2.89011642e-01
 1.64552823e-01 8.26966913e-02 5.48909720e-02 1.75503955e-02
 1.71321030e-02 1.73542935e-02 1.25556292e-02 5.40115095e-03
 8.97601078e-03 4.28744064e-03 2.76757168e-03 3.86994887e-03
 2.70633987e-03 2.79229905e-03 1.73996202e-03 1.77067434e-03
 1.12316329e-03 1.91412120e-03 1.10785722e-03 5.07207018e-03
 2.26488340e-03 1.98559771e-03 1.01754222e-03 1.06450639e-03
 2.76224688e-03 1.04794690e-03 1.37080032e-03 1.24093932e-03
 8.52504084e-04 9.65335606e-04 5.12430802e-04 4.99934690e-04
 4.47710181e-04 5.41375159e-04 4.88969201e-04 2.07518700e-03
 9.60138237e-04 5.37979219e-04 4.73733713e-04 1.07052064e-03
 4.33741127e-04 3.83379395e-04 3.71564402e-04 2.67751582e-04
 3.56532379e-04 2.26155521e-04 3.81535290e-04 2.32332772e-04]
 History train acc: 
[0.47663552 0.54205609 0.56074768 0.57009347 0.56074768 0.5140187
 0.5233645  0.66355141 0.55140188 0.54205609 0.57943926 0.60747665
 0.56074768 0.75700936 0.66355141 0.71028039 0.76635515 0.79439253
 0.71962618 0.63551403 0.64485982 0.79439253 0.80373833 0.80373833
 0.80373833 0.78504674 0.8411215  0.88785047 0.86915889 0.8504673
 0.87850468 0.86915889 0.8411215  0.87850468 0.91588785 0.86915888
 0.79439253 0.91588786 0.96261682 0.96261682 0.92523365 0.93457944
 0.97196262 0.98130841 1.         0.99065421 1.         1.
 1.         0.99065421 0.87850468 0.90654206 0.95327103 0.97196262
 0.99065421 1.         1.         1.         1.         1.
 1.         1.         1.         1.         1.         1.
 1.         1.         1.         1.         1.         1.
 1.         1.         1.         1.         1.         1.
 1.         1.         1.         1.         1.         1.
 1.         1.         1.         1.         1.         1.
 1.         1.         1.         1.         1.         1.
 1.         1.         1.         1.        ]
 History test loss: 
[4.43213725 6.72995114 6.75711219 2.12986558 1.50855709 3.64411609
 1.93924864 5.43728979 6.60507695 5.56409254 4.20169584 6.64885863
 2.46871827 4.12497767 3.81495818 2.40070645 3.32722167 3.42639135
 5.59925048 1.58752418 5.45160588 2.32966567 2.60450977 3.46139598
 2.27788474 3.38561133 3.88901852 3.75965814 3.2491834  4.46464674
 3.87644815 3.36288881 4.95833713 2.00137238 2.74731056 2.85199245
 1.70885321 2.30909663 2.2924236  2.44844407 2.00329097 1.98740453
 2.53252772 2.28303552 2.35788306 2.41311855 2.41086588 2.42378563
 2.25392433 2.40021602 4.77843014 6.01038783 4.90629065 3.34074561
 3.20888583 3.16200153 3.24157274 3.24656222 3.08772977 2.92253884
 2.69476108 2.58005526 2.61797605 2.73653913 2.76649187 2.82379564
 2.80636853 2.84658609 2.92699526 2.88460567 2.94394449 2.89451782
 2.8525213  2.92154932 2.96710988 2.94284209 2.88750184 2.90462357
 2.95748419 3.00117681 2.77598695 2.89800827 2.99043322 3.03125415
 3.05226743 3.0822675  3.14379634 3.27239774 3.32253228 3.34486494
 3.35719885 3.40788728 3.41182051 3.4055567  3.40850111 3.39624566
 3.3990651  3.39769904 3.40323585 3.39681969]
 History test loss: 
[0.50000001 0.58333335 0.58333335 0.50000001 0.41666668 0.58333335
 0.41666668 0.58333335 0.58333335 0.25       0.50000001 0.58333335
 0.33333334 0.58333335 0.58333335 0.66666668 0.50000001 0.50000001
 0.58333335 0.33333334 0.58333335 0.41666668 0.41666667 0.33333334
 0.50000001 0.33333334 0.33333334 0.58333334 0.50000001 0.50000001
 0.58333335 0.33333334 0.41666668 0.50000001 0.50000002 0.50000001
 0.66666667 0.41666668 0.50000001 0.58333335 0.50000001 0.50000001
 0.33333334 0.50000001 0.41666668 0.50000001 0.33333334 0.41666668
 0.41666668 0.41666668 0.33333334 0.5        0.41666667 0.58333335
 0.66666669 0.50000002 0.33333334 0.33333334 0.50000002 0.50000002
 0.50000002 0.50000002 0.50000002 0.50000002 0.50000002 0.50000002
 0.50000002 0.50000002 0.50000002 0.50000002 0.50000002 0.58333335
 0.50000002 0.50000002 0.50000002 0.50000002 0.50000002 0.50000002
 0.50000002 0.50000002 0.50000001 0.50000002 0.50000002 0.50000002
 0.50000002 0.50000002 0.50000002 0.50000001 0.50000002 0.50000002
 0.50000002 0.50000002 0.50000002 0.50000002 0.50000002 0.50000002
 0.50000002 0.50000002 0.50000002 0.50000002]
Train Loss: 0.21733665497145513
Train Acc: 0.8876635556145805
Test Loss: min: 1.5085570911566417 mean: 3.28604578956762
Test Acc: max: 0.6666666865348816 mean: 0.48750001548479005
######################################################
 History train loss: 
[9.34864465e-01 8.83082152e-01 8.35565747e-01 7.76343939e-01
 7.82380152e-01 7.91623486e-01 7.20260182e-01 7.08774156e-01
 6.85405635e-01 7.86986572e-01 6.70467244e-01 6.70664514e-01
 6.37816786e-01 7.10263729e-01 6.19066905e-01 5.42945508e-01
 4.87568928e-01 5.64397450e-01 7.34168490e-01 5.93308574e-01
 6.84695604e-01 5.39292532e-01 5.36154268e-01 4.57256868e-01
 3.26782666e-01 3.12288124e-01 3.69682272e-01 2.79836345e-01
 3.20249487e-01 3.20704385e-01 4.40769455e-01 2.14616990e-01
 9.35528508e-02 8.68987598e-02 4.75803439e-02 8.31869716e-02
 3.44527755e-02 4.19702694e-02 2.88260840e-02 3.06791625e-02
 4.88065059e-02 7.44006886e-02 2.97615548e-01 1.85586858e-01
 1.85536892e-01 1.90068779e-01 5.65787326e-01 4.14461950e-01
 3.46803828e-01 1.90849567e-01 1.74898073e-01 4.51732976e-02
 1.47163742e-02 8.62608746e-03 4.61127458e-03 4.39585577e-03
 2.79201916e-03 2.18195880e-03 2.40028542e-03 2.21721594e-03
 1.29253206e-03 4.42465806e-03 6.53502298e-03 2.34817652e-02
 9.00240059e-03 8.74732546e-03 1.15302504e-02 3.91842529e-03
 1.44344993e-03 1.41174249e-02 5.05057888e-02 8.38876902e-02
 3.11914845e-01 1.80696432e-01 3.07765053e-01 2.74248433e-01
 2.41307517e-01 8.69280768e-02 1.66445470e-01 8.70753202e-02
 1.43610557e-02 7.75059451e-02 2.54891472e-02 1.63891710e-02
 7.05515150e-03 4.34606789e-03 7.62169327e-04 1.09335031e-03
 1.21279600e-03 6.18600154e-04 4.78756388e-04 7.83922794e-04
 7.45989276e-04 6.34577916e-04 6.17580286e-04 6.49566208e-04
 6.68144302e-04 3.73806657e-04 2.75816563e-04 4.43506471e-04]
 History train acc: 
[0.46728973 0.5140187  0.57009347 0.5233645  0.61682244 0.53271029
 0.59813085 0.50467291 0.60747665 0.46728973 0.56074768 0.61682245
 0.65420562 0.57009347 0.59813085 0.70093459 0.76635515 0.67289721
 0.63551403 0.69158879 0.60747665 0.73831777 0.72897197 0.80373833
 0.8411215  0.85981309 0.83177571 0.88785047 0.86915888 0.87850468
 0.82242992 0.94392524 0.98130841 0.98130841 0.99065421 0.97196262
 0.99065421 0.99065421 0.99065421 1.         0.98130841 0.97196262
 0.87850468 0.94392524 0.93457944 0.92523365 0.80373833 0.87850468
 0.89719627 0.93457944 0.92523365 1.         1.         1.
 1.         1.         1.         1.         1.         1.
 1.         1.         1.         0.99065421 1.         1.
 1.         1.         1.         0.99065421 0.97196262 0.98130841
 0.90654206 0.90654206 0.87850468 0.86915888 0.92523365 0.96261682
 0.95327103 0.95327103 1.         0.96261682 1.         0.99065421
 1.         1.         1.         1.         1.         1.
 1.         1.         1.         1.         1.         1.
 1.         1.         1.         1.        ]
 History test loss: 
[ 6.71587292  1.22626093  0.803618    2.29290126  1.28858587  1.18595377
  0.94369591  0.94162918  1.35407204  1.04530162  1.49824003  1.03093476
  1.34707005  1.55949523  1.93996166  1.06824847  1.77853128  6.36965497
  2.68463933  5.2009358   5.43178304  2.38085148  7.21701284  4.04803115
  2.56398807  3.36813525  2.46770757  4.84890068  4.17751491  1.18730133
  3.65142139  3.64195307  2.23763479  1.81441627  2.13752333  2.38304784
  3.40747811  2.33560921  2.85103315  3.9640907   2.96033928  2.82132653
  7.30564209  5.73237753  5.76782805  6.41849027 11.07386414  6.42297534
  7.01644524  8.74985989  5.10713603  3.01170568  2.92720117  2.82604509
  2.89416782  2.8731925   2.87208885  2.98984549  3.01761989  3.05835558
  3.05897759  3.5143654   3.55634804  3.87370313  2.94928757  2.44212512
  3.35331547  3.03220462  2.96171451  4.74833047  4.60072529  6.43308381
  4.27831527  1.80149476  2.00362329  3.41810638  5.39121187  3.13202174
  6.60628148  6.46410004  5.40974752  7.49168412  6.87506771  6.61637652
  5.45177468  4.33752481  4.3156057   4.5842098   4.6538955   4.73198442
  4.81174819  4.90812457  4.80597468  4.85606619  4.96393251  5.09960685
  5.1041915   5.04121856  5.02964246  5.11006268]
 History test loss: 
[0.58333335 0.33333334 0.41666668 0.50000001 0.41666668 0.50000001
 0.33333334 0.25       0.41666667 0.41666668 0.58333335 0.58333335
 0.50000001 0.58333335 0.58333335 0.58333335 0.25       0.58333335
 0.41666667 0.08333333 0.33333334 0.41666668 0.33333334 0.41666667
 0.33333334 0.41666668 0.50000002 0.41666668 0.33333334 0.66666668
 0.50000001 0.33333334 0.58333334 0.41666668 0.41666667 0.50000001
 0.41666668 0.50000001 0.50000001 0.41666668 0.50000001 0.41666668
 0.25       0.41666667 0.41666668 0.25       0.25       0.41666667
 0.41666668 0.25       0.33333334 0.41666668 0.50000001 0.41666668
 0.41666668 0.41666668 0.50000001 0.41666668 0.41666668 0.41666668
 0.41666668 0.41666668 0.41666668 0.41666668 0.50000001 0.50000001
 0.41666668 0.41666668 0.50000001 0.41666668 0.50000001 0.33333334
 0.41666667 0.66666668 0.66666667 0.50000001 0.41666668 0.50000001
 0.50000001 0.41666668 0.50000002 0.41666668 0.41666668 0.41666668
 0.41666668 0.41666668 0.41666668 0.41666668 0.41666668 0.41666668
 0.41666668 0.41666668 0.41666668 0.41666668 0.41666668 0.41666668
 0.41666668 0.41666668 0.41666668 0.41666668]
Train Loss: 0.24177134213421733
Train Acc: 0.8789719669590487
Test Loss: min: 0.8036180039246877 mean: 3.86055318561693
Test Acc: max: 0.6666666815678278 mean: 0.43250001072883604
######################################################
 History train loss: 
[8.95803859e-01 7.63355383e-01 8.41813839e-01 7.12148047e-01
 8.69394591e-01 8.03028264e-01 7.08301500e-01 7.92115990e-01
 7.38536583e-01 8.28693823e-01 8.43095613e-01 7.47769938e-01
 6.77824078e-01 7.77233713e-01 7.02715959e-01 6.73737906e-01
 6.28181941e-01 5.34680846e-01 5.76041128e-01 4.85519696e-01
 4.81577695e-01 4.17174891e-01 3.15998318e-01 4.42251817e-01
 4.38189096e-01 3.57389992e-01 3.07216641e-01 2.11041410e-01
 1.79953200e-01 1.69313373e-01 1.35803680e-01 2.61423013e-01
 3.78848265e-01 3.70160316e-01 4.48138849e-01 3.43334797e-01
 3.20144682e-01 6.92857065e-02 6.05257542e-02 7.34394194e-02
 4.88981003e-02 3.39276557e-02 1.47468502e-01 1.23575515e-01
 6.66699640e-02 1.80608243e-02 9.19220513e-03 6.31932860e-03
 3.70510552e-03 2.11614304e-03 2.40697962e-03 2.58689982e-03
 1.40726372e-03 1.15465447e-03 5.86844708e-03 2.44302601e-03
 1.25771349e-03 1.53508355e-03 2.42117678e-03 7.36648383e-04
 1.05359501e-03 5.75928341e-04 9.96422273e-04 7.87885177e-04
 1.79647547e-03 1.00024938e-03 6.68819295e-04 6.27807295e-04
 5.09664021e-04 6.15370383e-04 7.23723144e-04 3.50399497e-04
 3.32020635e-04 4.36002176e-04 4.40702087e-04 4.52399310e-04
 4.93791537e-04 3.32756125e-04 6.10562851e-04 2.70373886e-04
 4.97209755e-04 2.91334003e-04 2.93390201e-04 2.71542119e-04
 2.48601824e-04 2.08059887e-04 3.92268548e-04 7.23336668e-04
 2.49375143e-04 2.96396183e-04 3.00028098e-04 1.03390722e-03
 2.71319015e-04 4.10104531e-04 2.28122740e-04 2.77185951e-03
 1.17464114e-03 8.90920495e-04 3.29716114e-04 3.29558826e-04]
 History train acc: 
[0.46728973 0.58878506 0.54205609 0.55140188 0.44859814 0.50467291
 0.5233645  0.45794394 0.59813085 0.54205609 0.54205609 0.57009347
 0.62616823 0.5233645  0.57943926 0.5233645  0.67289721 0.71028039
 0.6915888  0.77570095 0.80373833 0.81308412 0.88785047 0.78504674
 0.77570094 0.81308412 0.86915889 0.94392524 0.90654206 0.94392524
 0.95327103 0.91588786 0.82242991 0.85981309 0.81308412 0.86915889
 0.85981309 0.98130841 0.99065421 0.97196262 0.99065421 0.98130841
 0.94392524 0.95327103 0.96261682 1.         1.         1.
 1.         1.         1.         1.         1.         1.
 1.         1.         1.         1.         1.         1.
 1.         1.         1.         1.         1.         1.
 1.         1.         1.         1.         1.         1.
 1.         1.         1.         1.         1.         1.
 1.         1.         1.         1.         1.         1.
 1.         1.         1.         1.         1.         1.
 1.         1.         1.         1.         1.         1.
 1.         1.         1.         1.        ]
 History test loss: 
[4.3337232  0.87469729 1.09908826 1.64825737 0.98623326 1.04652933
 1.28447535 1.10617858 1.37321235 1.8277292  1.60755787 1.75080137
 1.50264557 0.92123135 1.86003116 1.08853809 1.10335751 1.13955122
 1.35834685 1.69219206 1.47047719 1.14083917 2.10231836 2.57533012
 2.45018631 3.05569261 2.73592524 2.78812717 2.75163241 2.27043341
 2.87004285 2.9222589  2.36483887 4.35816679 3.56297755 3.09780324
 2.82271237 2.82986301 2.98490979 2.76091504 2.62004562 2.4204151
 3.89319152 2.88249222 3.4799428  3.29098453 3.35248545 3.45219882
 3.59179254 3.57542874 3.47988292 3.42297086 3.39789793 3.39659383
 3.5373656  3.54268573 3.56085096 3.5187452  3.49637516 3.52879014
 3.54422522 3.55114561 3.56071216 3.57197585 3.85982352 3.80879559
 3.74124501 3.70947327 3.7062335  3.70876668 3.71134158 3.70305649
 3.72227581 3.74449438 3.77672875 3.79257305 3.7659714  3.78503696
 3.82027125 3.82871419 3.85147836 3.91963436 3.92858493 3.91891601
 3.90027827 3.93414621 3.89944635 3.90273668 3.90543741 3.87840865
 3.89200723 3.87643409 3.84185938 3.82819672 3.86181694 4.3028144
 4.19078988 4.07000748 4.09926001 4.10099433]
 History test loss: 
[0.58333335 0.58333335 0.         0.41666668 0.58333335 0.5
 0.41666668 0.41666668 0.50000001 0.58333335 0.58333335 0.50000001
 0.50000001 0.58333335 0.58333335 0.50000002 0.50000001 0.41666668
 0.41666667 0.58333335 0.41666667 0.58333335 0.33333334 0.50000001
 0.41666667 0.58333335 0.50000001 0.50000001 0.33333334 0.41666668
 0.50000001 0.50000001 0.50000002 0.41666668 0.41666668 0.41666667
 0.50000001 0.33333334 0.33333334 0.50000001 0.58333335 0.33333334
 0.33333334 0.33333334 0.41666667 0.33333334 0.41666667 0.50000001
 0.41666667 0.41666667 0.41666667 0.58333334 0.58333334 0.58333334
 0.50000001 0.41666667 0.41666667 0.41666667 0.58333334 0.50000001
 0.41666667 0.50000001 0.58333334 0.58333334 0.58333335 0.58333335
 0.58333335 0.66666668 0.66666668 0.66666668 0.50000001 0.58333334
 0.58333334 0.58333334 0.41666667 0.41666667 0.58333334 0.58333334
 0.41666667 0.41666667 0.41666667 0.50000001 0.50000001 0.50000001
 0.50000001 0.50000001 0.58333334 0.58333335 0.58333335 0.58333335
 0.58333335 0.66666668 0.66666668 0.66666668 0.66666668 0.41666667
 0.50000001 0.50000001 0.41666668 0.41666668]
Train Loss: 0.20887241488415242
Train Acc: 0.8885046766754066
Test Loss: min: 0.8746972903609276 mean: 3.044770713435136
Test Acc: max: 0.6666666815678278 mean: 0.49500001072883604
######################################################
 History train loss: 
[8.54407104e-01 9.14881668e-01 9.45185722e-01 7.45981945e-01
 8.48299883e-01 6.85559083e-01 8.14300270e-01 8.03810602e-01
 6.51619989e-01 6.41404269e-01 6.96507628e-01 6.39633571e-01
 7.68089061e-01 7.43137891e-01 8.03299590e-01 7.51841547e-01
 7.10566414e-01 7.26159083e-01 6.84436514e-01 7.29933672e-01
 7.12871674e-01 7.82301185e-01 7.78396347e-01 7.36169680e-01
 7.91513342e-01 7.15101667e-01 7.10234692e-01 7.06685550e-01
 6.90142361e-01 6.74841601e-01 7.00736451e-01 5.97708697e-01
 6.75610187e-01 6.52687405e-01 6.82174768e-01 6.43087445e-01
 6.21350431e-01 5.52896154e-01 4.82129888e-01 5.86704781e-01
 5.13846425e-01 4.55402298e-01 3.83245963e-01 4.57238715e-01
 3.82604437e-01 5.19674135e-01 4.77759144e-01 3.50358835e-01
 3.68022267e-01 4.62823313e-01 2.92799852e-01 3.10130269e-01
 2.02106134e-01 1.63175829e-01 1.29210944e-01 1.14878232e-01
 1.69738792e-01 1.34156368e-01 7.08035222e-02 5.55934393e-02
 2.01518306e-02 2.30869574e-02 1.35523037e-02 5.41020836e-03
 4.90759649e-03 2.89065629e-03 2.62632136e-03 3.16741936e-03
 1.95568810e-03 1.48758046e-03 1.71368322e-03 1.79922451e-03
 1.39965139e-03 1.40018866e-03 2.33298433e-03 2.50548005e-03
 1.09997838e-03 8.60041459e-04 6.63484532e-04 7.49609522e-04
 7.35956212e-04 4.17117200e-04 1.91980802e-03 7.28068433e-04
 8.18385177e-04 4.38256614e-04 4.18916836e-04 8.62915290e-04
 1.22730874e-03 7.11000125e-04 4.34647259e-04 6.37560287e-04
 2.67198106e-04 2.47202113e-04 3.64863722e-04 2.09359360e-04
 1.25136415e-03 4.63093119e-04 2.16349421e-04 2.55305492e-04]
 History train acc: 
[0.57943926 0.54205609 0.5140187  0.52336449 0.53271029 0.5327103
 0.57009347 0.5233645  0.58878506 0.56074768 0.59813086 0.57009347
 0.49532712 0.5233645  0.46728973 0.5233645  0.57009347 0.57009347
 0.60747665 0.56074768 0.65420562 0.47663553 0.57943926 0.56074768
 0.44859814 0.55140188 0.60747665 0.54205608 0.56074768 0.62616824
 0.50467291 0.66355141 0.60747664 0.63551403 0.59813085 0.64485983
 0.65420562 0.70093459 0.76635515 0.67289721 0.75700936 0.75700936
 0.8411215  0.73831777 0.83177571 0.74766356 0.79439253 0.8504673
 0.8411215  0.81308412 0.8504673  0.90654206 0.94392524 0.91588786
 0.95327103 0.96261682 0.93457944 0.98130841 1.         0.97196262
 1.         0.99065421 1.         1.         1.         1.
 1.         1.         1.         1.         1.         1.
 1.         1.         1.         1.         1.         1.
 1.         1.         1.         1.         1.         1.
 1.         1.         1.         1.         1.         1.
 1.         1.         1.         1.         1.         1.
 1.         1.         1.         1.        ]
 History test loss: 
[9.29976932 6.71587515 3.89467273 3.00312962 1.27898807 3.94241293
 3.56838202 2.8573243  2.14860908 1.01469958 3.46121036 3.26518085
 3.49161449 3.30288407 2.08916012 3.11854217 1.68782863 1.07967083
 0.77839681 0.75169614 0.92076318 0.66232468 0.8075004  0.85461696
 0.73859243 0.75446605 0.91662131 0.73453181 0.68716833 0.79234688
 0.77710478 1.02158257 0.70508497 0.69185879 0.7816718  0.70193284
 0.67270368 1.15396912 0.90385326 0.77431365 1.1726716  1.43717296
 2.33841843 1.35285705 1.02423293 2.40025979 1.86278882 1.87351768
 3.11983842 2.72660398 2.50684329 2.21136972 2.80371141 2.45185089
 3.3045284  2.60882757 1.931487   2.50104311 3.25259552 2.31412313
 2.06137164 2.40072992 2.11412181 1.94587602 1.94589151 1.9879564
 1.99377436 2.10922629 2.25100138 2.2761109  2.22002959 2.19977159
 2.3145326  2.2585893  2.28052715 2.62939101 2.55530304 2.49383027
 2.53555522 2.55598293 2.53591841 2.60496679 2.46565563 2.39704865
 2.43363841 2.47784812 2.49482152 2.52146004 2.55382261 2.59590446
 2.6243724  2.6176986  2.66667292 2.67558167 2.69324728 2.69104689
 2.82064832 2.72324464 2.68040039 2.68650833]
 History test loss: 
[0.41666667 0.58333335 0.16666667 0.58333335 0.50000001 0.41666668
 0.66666668 0.58333335 0.66666668 0.25       0.58333335 0.58333335
 0.58333335 0.58333335 0.58333335 0.58333335 0.58333335 0.58333335
 0.58333335 0.58333334 0.33333334 0.83333334 0.33333334 0.58333335
 0.58333335 0.58333335 0.58333335 0.58333335 0.75000001 0.58333335
 0.50000001 0.58333335 0.50000001 0.66666668 0.50000001 0.41666668
 0.50000002 0.50000001 0.33333334 0.50000001 0.50000001 0.50000001
 0.33333334 0.50000001 0.50000001 0.58333334 0.50000001 0.58333335
 0.50000001 0.50000001 0.50000001 0.41666668 0.33333334 0.33333334
 0.41666668 0.50000001 0.50000001 0.50000001 0.66666668 0.58333335
 0.50000001 0.58333334 0.58333334 0.66666667 0.66666667 0.75000001
 0.75000001 0.75000001 0.75000001 0.75000001 0.75000001 0.75000001
 0.66666668 0.75000001 0.75000001 0.66666667 0.75000001 0.75000001
 0.75000001 0.75000001 0.75000001 0.75000001 0.75000001 0.75000001
 0.75000001 0.75000001 0.75000001 0.75000001 0.75000001 0.75000001
 0.75000001 0.75000001 0.75000001 0.75000001 0.75000001 0.75000001
 0.75000001 0.75000001 0.75000001 0.75000001]
Train Loss: 0.3477235429106845
Train Acc: 0.8039252397306612
Test Loss: min: 0.6623246818780899 mean: 2.1908787549466067
Test Acc: max: 0.8333333432674408 mean: 0.6025000101948779
######################################################
 History train loss: 
[9.64690362e-01 8.27120251e-01 8.94121983e-01 8.74080559e-01
 7.84976002e-01 6.66626255e-01 7.21600665e-01 7.39661067e-01
 6.62334030e-01 6.23321061e-01 5.68881733e-01 5.63898017e-01
 5.52813253e-01 5.71098607e-01 5.12622876e-01 5.40874137e-01
 5.01766908e-01 3.71666937e-01 3.97420411e-01 3.09156280e-01
 2.92153812e-01 2.41868483e-01 5.81224732e-01 5.23318752e-01
 4.81800672e-01 2.27770537e-01 1.46620129e-01 3.03543860e-01
 2.68521561e-01 1.37489061e-01 3.51988355e-02 1.95850542e-02
 2.12461889e-02 3.62538908e-02 5.73431199e-02 2.39024588e-02
 1.51262980e-02 6.13996294e-03 2.49011362e-03 1.07081705e-03
 1.17375827e-03 3.43815498e-03 2.10951267e-03 9.65882701e-04
 8.81667628e-04 5.17413010e-03 4.48686024e-03 1.77535680e-03
 6.74432542e-04 5.78131969e-04 2.36195710e-03 9.54035492e-04
 5.57245757e-04 7.41449226e-04 4.57015946e-04 3.51891319e-04
 3.25965213e-04 2.95896914e-04 4.46007283e-04 5.31059337e-04
 4.06310961e-04 1.89932662e-04 8.66556440e-04 1.56278014e-03
 5.03482638e-04 4.97821999e-04 3.16676761e-04 3.37500112e-04
 1.70202229e-04 2.39957429e-04 1.60657057e-04 7.88678600e-04
 2.17811108e-04 2.00540614e-04 1.44490806e-04 1.22866622e-04
 1.77829709e-04 1.60313075e-04 1.46809855e-04 1.19750832e-04
 1.01082468e-04 1.08688889e-04 1.11749981e-04 7.92688672e-05
 1.27165083e-04 6.68472879e-05 7.36141243e-05 1.64813468e-04
 7.24505964e-05 7.21953695e-05 8.16653538e-05 8.08937917e-05
 7.94931301e-05 6.68477181e-05 6.33836313e-05 6.66437642e-05
 4.30331008e-04 2.37590818e-04 8.08371344e-05 4.68683632e-05]
 History train acc: 
[0.49532712 0.62616824 0.57943927 0.57943926 0.55140188 0.59813086
 0.58878505 0.57009347 0.60747665 0.67289721 0.72897197 0.71028039
 0.71028038 0.682243   0.73831777 0.74766356 0.76635515 0.83177571
 0.85981309 0.86915888 0.88785047 0.90654206 0.75700935 0.75700936
 0.78504674 0.91588786 0.93457944 0.87850468 0.88785047 0.95327103
 1.         1.         0.99065421 0.99065421 0.98130841 1.
 1.         1.         1.         1.         1.         1.
 1.         1.         1.         1.         1.         1.
 1.         1.         1.         1.         1.         1.
 1.         1.         1.         1.         1.         1.
 1.         1.         1.         1.         1.         1.
 1.         1.         1.         1.         1.         1.
 1.         1.         1.         1.         1.         1.
 1.         1.         1.         1.         1.         1.
 1.         1.         1.         1.         1.         1.
 1.         1.         1.         1.         1.         1.
 1.         1.         1.         1.        ]
 History test loss: 
[8.79626505 6.64346923 5.63590314 1.42723479 1.11181538 0.92597039
 0.9593433  0.6826635  0.90440068 0.99708965 0.92691941 1.02405902
 1.26895014 1.44019663 1.23125535 2.47801078 0.96833098 1.40428929
 1.69205328 2.84325157 2.46269607 1.66696675 2.62334316 3.7314442
 2.80006789 2.83299499 2.59751582 1.3554069  2.96836517 3.76712834
 2.76677843 2.6558783  2.43597753 2.37529797 3.06862712 2.72122624
 2.53278341 2.92183115 2.78663393 2.74298555 2.70572927 2.44789549
 2.45885036 2.55409114 2.63382395 2.37682747 2.00640441 2.52816549
 2.84310649 2.93001244 2.57721896 2.52837954 2.58390736 2.57338703
 2.65048901 2.729494   2.82925051 2.86938434 2.90327257 2.89869626
 2.92228996 3.03189303 2.92315561 2.73150182 2.62297929 2.58972121
 2.5624729  2.60028565 2.69169397 2.68827071 2.65593287 2.70829006
 2.69991736 2.69703746 2.69650668 2.70969626 2.72604124 2.73334527
 2.7502264  2.73408317 2.72063991 2.73337715 2.76078962 2.77569122
 2.7838589  2.78328181 2.78550276 2.77083367 2.77620398 2.78059061
 2.78524272 2.77971555 2.77861936 2.7826448  2.78371074 2.79136476
 2.80773578 2.73168878 2.71478666 2.70789201]
 History test loss: 
[0.41666667 0.58333335 0.58333334 0.58333334 0.58333334 0.41666667
 0.41666667 0.58333334 0.5        0.41666667 0.5        0.41666667
 0.58333335 0.66666667 0.5        0.58333335 0.58333334 0.58333335
 0.50000002 0.58333335 0.58333335 0.58333335 0.50000001 0.41666667
 0.41666668 0.66666667 0.5        0.50000001 0.41666667 0.58333334
 0.50000001 0.58333335 0.50000001 0.5        0.58333334 0.50000001
 0.50000001 0.50000001 0.50000001 0.50000001 0.50000001 0.50000001
 0.50000001 0.50000001 0.50000001 0.50000001 0.50000001 0.50000001
 0.50000001 0.50000001 0.41666667 0.41666667 0.41666667 0.41666667
 0.41666667 0.41666667 0.41666667 0.41666667 0.41666667 0.41666667
 0.41666667 0.41666667 0.41666667 0.66666667 0.50000001 0.50000001
 0.50000001 0.50000001 0.50000001 0.50000001 0.50000001 0.50000001
 0.50000001 0.50000001 0.50000001 0.50000001 0.50000001 0.50000001
 0.50000001 0.50000001 0.50000001 0.50000001 0.50000001 0.50000001
 0.50000001 0.50000001 0.50000001 0.50000001 0.50000001 0.50000001
 0.50000001 0.50000001 0.50000001 0.50000001 0.50000001 0.50000001
 0.50000001 0.50000001 0.50000001 0.50000001]
Train Loss: 0.16109223544652193
Train Acc: 0.9214018720889761
Test Loss: min: 0.6826635003089905 mean: 2.59613318233233
Test Acc: max: 0.6666666741172472 mean: 0.5000000101452072
######################################################
 History train loss: 
[8.56883898e-01 9.52959113e-01 8.32519995e-01 7.11643132e-01
 6.75474860e-01 6.92177113e-01 8.06105145e-01 7.48954075e-01
 8.61498601e-01 7.47211336e-01 6.72225291e-01 7.07877397e-01
 5.64704623e-01 6.29949659e-01 6.39455827e-01 6.46908379e-01
 5.58787806e-01 6.38632585e-01 5.63805437e-01 5.23585807e-01
 4.96756338e-01 5.30295962e-01 5.05450614e-01 4.18694113e-01
 4.88031598e-01 4.15833641e-01 4.25331047e-01 4.11290444e-01
 4.45576832e-01 4.02628926e-01 2.88257683e-01 3.31322346e-01
 3.36681932e-01 2.28647420e-01 3.18811750e-01 3.31283482e-01
 5.91194325e-01 3.20046065e-01 2.30335102e-01 1.74356710e-01
 1.20801459e-01 6.78716180e-02 4.13013391e-02 1.55722586e-02
 2.04205853e-02 3.14333644e-02 2.76379861e-01 4.88906196e-01
 2.14985709e-01 6.70799370e-02 4.10800713e-02 2.06090968e-02
 1.36374781e-02 6.83385273e-03 4.47114841e-03 1.60348166e-02
 6.82464767e-03 4.40183737e-03 3.47747959e-03 1.65030692e-03
 9.91593583e-04 8.91266310e-04 8.81053003e-04 1.03265689e-03
 9.80037999e-04 8.55453699e-04 6.59187786e-04 1.32131031e-03
 6.89010636e-04 1.04635209e-03 5.17431880e-04 4.36458067e-04
 5.31347933e-04 5.97651251e-04 6.68483742e-04 5.01774125e-04
 3.20968576e-04 2.47378139e-04 3.42639254e-04 3.53189560e-04
 3.51502964e-04 2.70350117e-04 3.15718559e-04 6.62993330e-04
 2.72770272e-04 2.42390174e-04 2.03858037e-04 2.31175660e-04
 3.00732660e-04 3.99955477e-04 1.62568812e-04 1.28985660e-04
 3.40307949e-04 1.53926000e-04 1.46135760e-04 3.85755391e-04
 1.86352192e-04 1.31895292e-04 1.76819456e-04 1.00057114e-04]
 History train acc: 
[0.49074075 0.49074075 0.44444446 0.56481483 0.57407409 0.53703705
 0.56481483 0.54629631 0.57407409 0.49074075 0.57407409 0.56481483
 0.66666668 0.59259261 0.62962964 0.62037038 0.69444446 0.62037039
 0.71296298 0.73148149 0.73148149 0.72222223 0.77777779 0.76851853
 0.76851853 0.78703705 0.77777779 0.80555557 0.80555557 0.80555557
 0.85185186 0.82407408 0.87037038 0.8888889  0.89814815 0.8425926
 0.76851853 0.85185186 0.87962964 0.94444445 0.94444445 0.97222222
 1.         1.         0.99074074 0.99074074 0.93518519 0.81481482
 0.91666667 0.98148148 1.         1.         1.         1.
 1.         0.99074074 1.         1.         1.         1.
 1.         1.         1.         1.         1.         1.
 1.         1.         1.         1.         1.         1.
 1.         1.         1.         1.         1.         1.
 1.         1.         1.         1.         1.         1.
 1.         1.         1.         1.         1.         1.
 1.         1.         1.         1.         1.         1.
 1.         1.         1.         1.        ]
 History test loss: 
[6.22500704 7.32640701 7.32640701 0.7200521  2.37398824 3.58149188
 2.07053108 6.3589041  0.62115518 2.7789463  1.61143991 0.9981662
 4.10930378 1.13323652 1.30111036 2.0056352  1.00957328 3.39567115
 3.08043473 3.28002157 1.49719192 1.8676336  0.6023271  0.67630788
 1.53874576 0.56067352 1.48625035 0.74143564 2.43103787 2.64957541
 2.49645526 0.67501256 1.49861328 1.62440723 0.72219246 7.1112582
 3.46856373 2.49324205 1.37733545 1.76572325 1.96849012 1.57766832
 2.35965377 2.92427371 2.84357309 1.61038532 4.1505461  3.99587524
 4.21888941 3.26149956 3.02268548 2.84611357 3.27137407 3.12468778
 2.84502064 2.90124909 2.79500495 3.08681839 2.9486725  2.99887241
 3.05082624 3.1644006  3.2468017  3.34540233 3.43327039 3.54859432
 3.58318101 3.63638616 3.73153275 3.67268421 3.66715108 3.74893696
 3.86179911 3.90360553 3.85297188 3.80830461 3.85664571 3.88041962
 3.88867885 3.90740585 3.94514602 3.97775076 3.97965336 4.35544335
 4.50327695 4.51487901 4.50634232 4.48799896 4.51373796 4.45188691
 4.38052045 4.40054724 4.46775007 4.5107255  4.54185096 4.58149949
 4.48259677 4.47256853 4.47579624 4.484943  ]
 History test loss: 
[0.54545456 0.54545456 0.54545456 0.63636365 0.45454547 0.54545456
 0.45454547 0.45454547 0.54545456 0.63636366 0.45454547 0.54545456
 0.45454547 0.63636366 0.45454547 0.18181818 0.45454547 0.54545456
 0.54545456 0.45454547 0.54545456 0.54545456 0.45454547 0.54545456
 0.54545457 0.72727274 0.72727274 0.63636365 0.45454547 0.45454547
 0.54545457 0.63636366 0.63636366 0.54545456 0.54545455 0.45454547
 0.45454546 0.54545457 0.54545456 0.45454547 0.45454547 0.45454546
 0.36363637 0.45454547 0.36363637 0.45454547 0.54545457 0.63636366
 0.45454547 0.45454547 0.45454547 0.45454547 0.45454547 0.45454547
 0.45454547 0.45454547 0.45454547 0.45454547 0.45454547 0.45454547
 0.45454547 0.45454547 0.45454547 0.45454547 0.45454547 0.45454547
 0.45454547 0.45454547 0.45454547 0.45454547 0.45454547 0.45454547
 0.45454547 0.45454547 0.45454547 0.45454547 0.45454547 0.45454547
 0.45454547 0.45454547 0.45454547 0.45454547 0.45454547 0.45454547
 0.45454547 0.45454547 0.45454547 0.45454547 0.45454547 0.45454547
 0.45454547 0.45454547 0.45454547 0.45454547 0.45454547 0.45454547
 0.45454547 0.45454547 0.45454547 0.45454547]
Train Loss: 0.23204988966537615
Train Acc: 0.8759259304956154
Test Loss: min: 0.5606735186143355 mean: 3.1816673147161993
Test Acc: max: 0.7272727435285394 mean: 0.48454546838998797
######################################################
 History train loss: 
[9.12121049e-01 7.50323648e-01 6.82777087e-01 7.14299322e-01
 7.12284767e-01 6.47233954e-01 5.55265894e-01 7.77559164e-01
 6.81531110e-01 5.63062050e-01 5.70478159e-01 5.36875007e-01
 4.39977340e-01 5.37681103e-01 2.79258452e-01 2.64874825e-01
 3.94327523e-01 2.38581997e-01 3.04189688e-01 2.28691168e-01
 1.14481016e-01 7.04512048e-02 3.24164498e-02 1.59011081e-02
 9.54841003e-03 4.61956775e-03 3.54581255e-03 1.83890461e-03
 1.76290943e-03 1.76235195e-03 1.33607168e-03 1.04151810e-03
 1.01591641e-03 8.74161967e-04 9.33544921e-04 9.30510850e-04
 6.06736935e-04 6.26197937e-04 8.01834336e-04 4.93130925e-04
 5.77080897e-04 4.33409183e-04 4.02948412e-04 4.56159556e-04
 4.49880359e-04 3.50786503e-04 4.43717925e-04 3.24949881e-04
 3.02101077e-04 2.56213401e-04 4.64527176e-04 2.76853522e-04
 3.91896815e-04 2.51380344e-04 2.13752095e-04 2.00099237e-04
 1.76420644e-04 1.64342489e-04 2.51222627e-04 1.54735795e-04
 1.50427011e-04 2.08941728e-04 1.44502376e-04 1.46420954e-04
 1.59949040e-04 1.71248524e-04 1.07244332e-04 1.30909211e-04
 1.14034453e-04 1.60181338e-04 1.13272200e-04 1.08909649e-04
 1.09968675e-04 1.18199744e-04 9.05561006e-05 7.31171721e-05
 8.48599606e-05 1.35391845e-04 8.49010445e-05 1.08804929e-04
 7.95515787e-05 8.72554526e-05 7.80601998e-05 5.70271312e-05
 6.41048633e-05 5.74734431e-05 5.34748333e-05 6.95880463e-05
 4.79886956e-05 5.92877834e-05 3.39212049e-05 4.65373440e-05
 3.11149664e-05 6.72986665e-05 4.08427595e-05 4.80273629e-05
 5.61578620e-05 3.45877028e-05 2.98676816e-05 3.20679937e-05]
 History train acc: 
[0.50000001 0.47222224 0.62037039 0.55555557 0.6388889  0.62037038
 0.71296298 0.61111112 0.54629631 0.6851852  0.73148149 0.75925927
 0.78703705 0.71296298 0.89814815 0.86111112 0.80555556 0.89814815
 0.87037038 0.91666667 0.98148148 1.         1.         1.
 1.         1.         1.         1.         1.         1.
 1.         1.         1.         1.         1.         1.
 1.         1.         1.         1.         1.         1.
 1.         1.         1.         1.         1.         1.
 1.         1.         1.         1.         1.         1.
 1.         1.         1.         1.         1.         1.
 1.         1.         1.         1.         1.         1.
 1.         1.         1.         1.         1.         1.
 1.         1.         1.         1.         1.         1.
 1.         1.         1.         1.         1.         1.
 1.         1.         1.         1.         1.         1.
 1.         1.         1.         1.         1.         1.
 1.         1.         1.         1.        ]
 History test loss: 
[6.44811101 1.06313091 1.86876395 4.47991996 1.72226374 0.99402104
 1.36828749 3.84462716 3.36603878 3.67016744 6.55268108 1.23570679
 4.54867169 3.46386895 2.6080403  2.14571386 2.56827251 2.54338647
 3.54711769 1.95154523 2.14382325 3.10437884 2.22300334 2.16923102
 1.95085942 1.93696669 1.85151047 1.94615183 1.98585738 2.03781391
 2.07447096 2.11770407 2.12672957 2.20109013 2.25073685 2.237397
 2.25871809 2.31637538 2.36746113 2.35093696 2.350354   2.3720488
 2.36549286 2.39375945 2.39482278 2.45267097 2.45568224 2.46392052
 2.47100643 2.50096274 2.56255201 2.57650295 2.54499947 2.58667227
 2.61389471 2.6315316  2.6601267  2.67846106 2.67921768 2.68192851
 2.70646007 2.71849621 2.71992878 2.7223643  2.70324291 2.72936239
 2.72856336 2.73961409 2.74654971 2.74543401 2.73116476 2.72824225
 2.73815198 2.73024517 2.75182041 2.76929125 2.78419251 2.76360363
 2.75578052 2.79620743 2.81753126 2.84160485 2.87772904 2.88346463
 2.89863482 2.93129961 2.9785759  3.10796719 3.21500595 3.15117057
 3.09829458 3.25633607 3.264421   3.10468329 3.01837147 3.15944463
 3.3316524  3.3293055  3.32281614 3.33683454]
 History test loss: 
[0.54545455 0.45454547 0.54545456 0.54545455 0.36363637 0.45454546
 0.63636366 0.45454547 0.45454547 0.54545456 0.45454547 0.63636365
 0.45454547 0.54545457 0.54545456 0.63636366 0.54545457 0.54545457
 0.45454547 0.45454547 0.54545456 0.45454546 0.45454546 0.54545456
 0.54545456 0.54545456 0.54545456 0.54545456 0.54545456 0.54545456
 0.54545456 0.54545456 0.54545456 0.54545456 0.54545456 0.54545456
 0.54545456 0.54545456 0.54545456 0.54545456 0.54545456 0.54545456
 0.54545456 0.54545456 0.54545456 0.54545456 0.54545456 0.54545456
 0.54545456 0.54545456 0.54545456 0.54545456 0.54545456 0.54545456
 0.54545456 0.54545456 0.54545456 0.54545456 0.54545456 0.54545456
 0.54545456 0.54545456 0.54545456 0.54545456 0.54545456 0.54545456
 0.54545456 0.54545456 0.54545456 0.54545456 0.54545456 0.54545456
 0.54545456 0.54545456 0.54545456 0.54545456 0.54545456 0.54545456
 0.54545456 0.54545456 0.54545456 0.54545456 0.54545456 0.54545456
 0.54545456 0.54545456 0.54545456 0.54545456 0.54545456 0.54545456
 0.54545456 0.54545456 0.54545456 0.54545456 0.54545456 0.54545456
 0.54545456 0.54545456 0.54545456 0.54545456]
Train Loss: 0.11066519220714482
Train Acc: 0.9418518540746085
Test Loss: min: 0.9940210364081643 mean: 2.7081201926801377
Test Acc: max: 0.6363636580380526 mean: 0.537272740778598
######################################################
 History train loss: 
[8.31196246e-01 7.61789654e-01 7.83040082e-01 7.40585207e-01
 9.37740091e-01 8.05037650e-01 7.58022361e-01 7.82031914e-01
 7.64869965e-01 7.12667753e-01 8.00324546e-01 7.16003547e-01
 6.24284727e-01 7.33944807e-01 6.61997631e-01 6.45446956e-01
 6.51218201e-01 7.07338616e-01 6.18803734e-01 6.07427506e-01
 5.51878499e-01 5.04507928e-01 6.86352702e-01 5.07976649e-01
 4.19070403e-01 3.10019182e-01 1.69435841e-01 2.78647692e-01
 2.31907586e-01 2.25727976e-01 1.85286339e-01 3.11300871e-01
 2.40572210e-01 1.33031896e-01 7.85250679e-02 5.34670147e-02
 3.28506569e-02 1.19576685e-02 8.26670655e-03 4.55529444e-03
 9.88471543e-03 3.20710411e-03 1.92388539e-03 1.90567579e-03
 1.75251080e-03 1.87243677e-03 1.33408713e-03 1.20708650e-03
 1.70091003e-03 1.22490291e-03 1.07512862e-03 1.09122580e-03
 1.35155172e-03 9.40393760e-04 8.24119629e-04 8.91389635e-04
 7.24718216e-04 7.48191034e-04 8.15681252e-04 6.20866463e-04
 1.56086023e-03 1.22563424e-03 7.03962213e-04 9.00157158e-04
 5.43858943e-04 5.38185165e-04 6.06467726e-04 5.19980575e-04
 4.39931293e-04 5.86878875e-04 5.40195592e-04 3.74947833e-04
 3.76316737e-04 3.67250186e-04 3.61077056e-04 4.11486536e-04
 3.46316602e-04 3.15705534e-04 4.54451378e-04 3.46638653e-04
 4.79195675e-04 2.95890293e-04 2.44429278e-04 2.98200439e-04
 2.66749079e-04 2.49041964e-04 1.97828638e-04 2.07087811e-04
 2.33384165e-04 4.28091133e-04 2.44576108e-04 2.39872879e-04
 1.96943131e-04 1.99404420e-04 1.94254592e-04 1.94109740e-04
 3.01768233e-04 2.79038292e-04 1.85062498e-04 1.73069504e-04]
 History train acc: 
[0.49074076 0.54629631 0.50000001 0.53703705 0.49074075 0.54629631
 0.53703705 0.51851853 0.49074075 0.50925927 0.55555557 0.5925926
 0.65740742 0.54629631 0.60185187 0.62037039 0.6851852  0.62962964
 0.64814816 0.6851852  0.76851853 0.76851853 0.66666668 0.73148149
 0.82407408 0.87037038 0.97222222 0.90740741 0.90740741 0.92592593
 0.92592593 0.8425926  0.8888889  0.96296297 0.96296297 0.98148148
 0.99074074 1.         1.         1.         1.         1.
 1.         1.         1.         1.         1.         1.
 1.         1.         1.         1.         1.         1.
 1.         1.         1.         1.         1.         1.
 1.         1.         1.         1.         1.         1.
 1.         1.         1.         1.         1.         1.
 1.         1.         1.         1.         1.         1.
 1.         1.         1.         1.         1.         1.
 1.         1.         1.         1.         1.         1.
 1.         1.         1.         1.         1.         1.
 1.         1.         1.         1.        ]
 History test loss: 
[0.77609096 0.94023952 1.53167794 2.61351103 0.80268776 1.47894023
 0.88564182 0.87183451 0.73189565 0.8351159  0.98861465 0.9844893
 1.38931637 0.89138982 0.84003983 0.78369117 1.75499091 1.18946602
 0.87170602 0.8628572  0.73518632 0.95906548 0.83984259 1.37613885
 0.98500749 1.23997002 1.79564977 1.00690882 0.93739667 1.88979239
 1.23743279 0.61486491 0.33804075 0.11264533 1.83422318 1.38047426
 1.46277667 1.08688463 1.22262205 1.46015898 1.10977127 1.42453895
 1.41941975 1.44318644 1.45955453 1.5230814  1.58509058 1.6181419
 1.54339118 1.60597221 1.68440763 1.6652328  1.69465879 1.72229388
 1.67491885 1.72461119 1.75345652 1.74283314 1.77318222 1.80124604
 1.53103794 1.60084942 1.61636156 1.73893056 1.739171   1.76441335
 1.86295575 1.88143088 1.82415866 1.78406835 1.84947367 1.90190318
 1.91529446 1.85586262 1.85273883 1.89079386 1.92156624 1.88755677
 1.83101862 1.83655019 1.85441782 1.87257062 1.90937229 1.90929902
 1.9097824  1.96511012 1.9410029  1.95115992 1.97931282 2.14679288
 2.06089093 2.02198003 2.04747701 2.07707208 2.06582327 2.09376301
 1.99059352 1.97392011 2.02338837 2.02881687]
 History test loss: 
[0.63636366 0.36363638 0.18181818 0.54545456 0.54545456 0.54545456
 0.54545455 0.27272728 0.27272728 0.63636364 0.36363637 0.54545456
 0.36363638 0.45454546 0.54545455 0.45454546 0.36363638 0.54545456
 0.54545456 0.54545456 0.54545456 0.45454546 0.45454547 0.54545456
 0.36363637 0.54545456 0.45454546 0.45454546 0.63636366 0.45454546
 0.63636364 0.72727273 0.81818183 1.         0.63636366 0.45454546
 0.54545456 0.63636364 0.54545456 0.54545456 0.63636364 0.54545456
 0.54545456 0.54545456 0.54545456 0.54545456 0.54545456 0.54545456
 0.54545456 0.54545456 0.54545456 0.54545456 0.54545456 0.54545456
 0.54545456 0.54545456 0.54545456 0.54545456 0.54545456 0.54545456
 0.45454546 0.54545456 0.54545456 0.54545456 0.54545456 0.54545456
 0.54545456 0.54545456 0.54545456 0.54545456 0.54545456 0.54545456
 0.54545456 0.54545456 0.54545456 0.54545456 0.54545456 0.54545456
 0.54545456 0.54545456 0.54545456 0.54545456 0.54545456 0.54545456
 0.54545456 0.54545456 0.54545456 0.54545456 0.54545456 0.54545456
 0.54545456 0.54545456 0.54545456 0.54545456 0.54545456 0.54545456
 0.54545456 0.54545456 0.54545456 0.54545456]
Train Loss: 0.19640834258859047
Train Acc: 0.8928703740404711
Test Loss: min: 0.11264533097842518 mean: 1.5241694973116724
Test Acc: max: 1.0 mean: 0.5345454665612092
######################################################