
 History train loss: 
[0.97464041 0.84100945 0.77648342 0.78158175 0.7547037  0.79103038
 0.78442653 0.76761303 0.81444176 0.81610533 0.72588388 0.70936136
 0.75202978 0.85959794 0.77393081 0.83091577 0.76680289 0.82648951
 0.68495929 0.69396845 0.6866254  0.64772494 0.64261874 0.64064735
 0.64972611 0.65144198 0.66194866 0.57268411 0.57749946 0.56047303
 0.48964141 0.41620104 0.49515903 0.53401211 0.64829499 0.72766051
 0.80468818 0.76763579 0.74169899 0.63299826 0.59148935 0.518687
 0.51080673 0.52961125 0.40052168 0.32752087 0.3017778  0.3521335
 0.32601432 0.21835616 0.18085051 0.14443898 0.21300257 0.13118828
 0.16282439 0.22394415 0.33106002 0.32380363 0.23718744 0.17712453
 0.10664194 0.13149234 1.07956604 0.69602225 0.66934081 0.46359745
 0.38998856 0.52927286 0.39707149 0.23083694 0.1744575  0.11065567
 0.07524154 0.10795809 0.09328996 0.09210637 0.03704285 0.0789436
 0.40183214 0.23705328 0.10690995 0.04329886 0.0138035  0.02530552
 0.0102799  0.01387451 0.00865694 0.00601788 0.03227479 0.02399061
 0.02039092 0.03694912 0.03845188 0.0801197  0.12100877 0.23075792
 0.13689699 0.16706284 0.02955364 0.0251823 ]
 History train acc: 
[0.47169812 0.43396227 0.49056605 0.50943397 0.44339624 0.48113209
 0.54716982 0.50943397 0.44339623 0.51886793 0.57547171 0.59433963
 0.51886794 0.59433963 0.53773586 0.51886794 0.50000001 0.48113209
 0.59433963 0.55660379 0.58490567 0.57547171 0.64150945 0.64150945
 0.64150945 0.64150945 0.65094341 0.65094341 0.69811322 0.6792453
 0.75471699 0.81132076 0.72641511 0.69811322 0.65094341 0.65094341
 0.50000001 0.5283019  0.55660379 0.68867926 0.66037737 0.76415095
 0.71698114 0.78301888 0.83018869 0.89622642 0.83962265 0.83018869
 0.86792453 0.93396227 0.94339623 0.97169811 0.95283019 0.95283019
 0.94339623 0.89622642 0.85849057 0.89622642 0.88679246 0.91509434
 0.97169811 0.95283019 0.65094341 0.66037737 0.66981134 0.75471699
 0.8018868  0.78301888 0.82075473 0.88679246 0.92452831 0.96226415
 0.98113208 0.98113208 0.98113208 0.96226415 1.         0.99056604
 0.86792453 0.93396227 0.95283019 1.         1.         1.
 1.         1.         1.         1.         0.99056604 0.99056604
 1.         0.98113208 0.97169811 0.97169811 0.96226415 0.91509434
 0.92452831 0.94339623 1.         0.99056604]
 History test loss: 
[8.58437648 5.05150065 1.42516094 0.93493849 0.73775945 0.75461255
 0.73287943 0.72036839 0.7019714  0.67107647 0.71489797 1.55370523
 0.66461513 5.57695814 5.50917125 0.90068166 1.28853548 0.74251509
 0.71046668 0.91660871 0.65638145 2.28647985 1.28397158 0.7768626
 1.205031   1.30258928 0.59346473 0.68763319 0.91937749 1.21246042
 0.6468118  0.59716135 1.10403629 1.34364022 1.16559102 1.09716429
 2.06751307 1.38480968 1.87455526 2.09023377 1.3330924  1.56790245
 1.54300266 1.65447659 0.97489757 0.85211529 1.0923889  1.3292906
 0.98857421 1.213693   0.89386244 0.80396685 1.59160312 1.40168183
 1.4123657  1.37203162 0.9400586  1.32139975 0.80165514 0.66450645
 1.62493355 1.56820916 0.96446965 0.91870228 1.86752375 0.87545768
 2.09050778 2.1896123  0.85943587 0.80619969 1.24686498 1.20073776
 1.01718571 0.74114373 0.77644873 0.82113429 0.73887994 1.13802794
 2.0426808  1.15112176 1.42000737 1.07270216 0.98455993 0.70509056
 1.01439194 1.11555037 1.33332525 1.17323552 1.68190456 0.86077479
 0.7775852  2.26642638 1.15798003 0.86910959 0.39166033 0.55330241
 0.65171604 3.06689559 0.32333308 1.48764684]
 History test loss: 
[0.46153848 0.46153848 0.46153848 0.38461539 0.46153848 0.3846154
 0.53846155 0.53846155 0.53846155 0.53846155 0.53846155 0.3846154
 0.61538463 0.53846155 0.53846155 0.53846156 0.46153848 0.46153848
 0.53846155 0.53846155 0.61538463 0.53846155 0.53846156 0.6923077
 0.53846155 0.53846155 0.76923078 0.69230771 0.61538464 0.61538464
 0.61538462 0.76923078 0.53846156 0.69230771 0.6923077  0.69230771
 0.53846155 0.53846155 0.46153847 0.53846155 0.53846155 0.38461539
 0.53846155 0.53846155 0.3846154  0.61538463 0.53846155 0.6923077
 0.46153848 0.61538463 0.61538463 0.6923077  0.53846155 0.61538463
 0.6923077  0.53846156 0.61538463 0.61538463 0.61538463 0.61538463
 0.53846155 0.61538463 0.61538464 0.46153847 0.61538464 0.69230771
 0.53846155 0.61538463 0.6923077  0.53846155 0.61538462 0.6923077
 0.6923077  0.76923078 0.76923078 0.6923077  0.84615386 0.6923077
 0.61538463 0.61538463 0.6923077  0.61538463 0.61538463 0.76923078
 0.76923078 0.76923078 0.61538463 0.69230771 0.6923077  0.76923078
 0.76923078 0.61538463 0.6923077  0.61538463 0.84615386 0.84615386
 0.6923077  0.69230771 0.76923077 0.61538463]
Train Loss: 0.4175089686286912
Train Acc: 0.7776415167959793
Test Loss: min: 0.3233330791386274 mean: 1.3448760842202372
Test Acc: max: 0.8461538553237915 mean: 0.6069230900704861
######################################################
 History train loss: 
[8.43148435e-01 8.35539788e-01 9.13585090e-01 8.11957632e-01
 7.74108550e-01 9.28638009e-01 9.17055889e-01 7.72805027e-01
 8.01528626e-01 7.95682652e-01 7.49410631e-01 6.81841132e-01
 8.40502085e-01 7.28477265e-01 9.90368969e-01 8.22371492e-01
 7.08320924e-01 7.28987466e-01 6.31707074e-01 6.54516595e-01
 6.32389442e-01 7.02360830e-01 7.63000427e-01 8.96722103e-01
 7.37669935e-01 7.50590114e-01 6.54961034e-01 5.17303074e-01
 6.36966896e-01 6.02117560e-01 6.85255463e-01 5.31290058e-01
 4.76455282e-01 3.64570905e-01 4.31869091e-01 3.18278426e-01
 2.49845032e-01 2.37459041e-01 2.61429060e-01 2.00276546e-01
 3.06848534e-01 9.71667711e-01 7.19766257e-01 6.80914914e-01
 5.51993470e-01 3.84503160e-01 3.33008777e-01 3.75783054e-01
 3.50193588e-01 3.08595378e-01 2.62926265e-01 3.40605415e-01
 4.98285751e-01 3.70501872e-01 2.65617144e-01 4.98688928e-01
 4.94540412e-01 2.56766184e-01 1.90603873e-01 1.30353101e-01
 1.06487025e-01 9.95183624e-02 5.30632689e-02 3.82124105e-02
 1.84776876e-02 2.09435674e-02 2.11950811e-02 2.45573622e-02
 1.02118878e-02 7.48187609e-03 7.07378348e-03 5.08872713e-03
 3.29065655e-03 5.82831125e-03 3.05846578e-03 2.68447709e-03
 5.30520161e-03 2.98923965e-03 2.88037158e-03 3.03721610e-03
 2.62953157e-03 1.88668314e-03 2.28494422e-03 1.76080258e-03
 1.41672992e-03 1.84172173e-03 3.86161472e-03 3.95782406e-03
 1.66006989e-03 1.06104752e-03 1.90420705e-03 1.54116815e-03
 1.18409452e-03 1.04982282e-03 1.32971534e-03 2.44286220e-03
 9.77395494e-04 1.80741444e-03 9.02085902e-04 2.66332153e-03]
 History train acc: 
[0.50000001 0.5283019  0.51886794 0.5283019  0.48113209 0.47169812
 0.5283019  0.5283019  0.50000001 0.56603775 0.51886794 0.61320756
 0.49056605 0.54716983 0.5283019  0.49056605 0.5283019  0.61320756
 0.59433963 0.68867925 0.68867926 0.58490567 0.5283019  0.48113209
 0.56603775 0.5283019  0.65094341 0.73584907 0.68867926 0.65094341
 0.64150944 0.75471699 0.78301888 0.84905661 0.76415096 0.84905661
 0.93396227 0.93396227 0.89622642 0.91509434 0.88679246 0.63207548
 0.65094341 0.57547171 0.6792453  0.83962265 0.91509434 0.83962265
 0.88679246 0.83962265 0.8773585  0.8773585  0.73584907 0.86792453
 0.89622642 0.77358492 0.76415096 0.90566038 0.93396227 0.95283019
 0.97169811 0.98113208 0.98113208 1.         1.         1.
 1.         0.99056604 1.         1.         1.         1.
 1.         1.         1.         1.         1.         1.
 1.         1.         1.         1.         1.         1.
 1.         1.         1.         1.         1.         1.
 1.         1.         1.         1.         1.         1.
 1.         1.         1.         1.        ]
 History test loss: 
[3.42445661 5.40762439 2.15374716 0.6894799  1.04881142 1.43653204
 0.85550512 1.1399624  0.66036307 0.72686439 0.79812033 0.77784331
 0.76392414 1.11469495 0.72007358 0.83270969 0.61746322 0.86165013
 0.68188631 0.8772514  0.7914601  0.67261227 0.79020624 0.64648179
 0.80517148 1.02072915 0.71349396 1.01517201 0.66668175 0.70193977
 0.71874421 0.63459593 0.83326096 0.65693218 0.79898767 0.75147257
 0.90884587 1.08743214 1.32196925 0.94854288 4.69055501 1.44132032
 1.20859023 0.86096323 0.8232325  0.79025285 0.9098326  1.19313514
 0.56497806 0.7944811  1.04751247 0.90343941 0.90767356 1.48714464
 1.49719319 1.73699873 1.46625099 1.20106765 1.54967965 0.84487822
 1.63692368 1.27111159 1.28965945 1.46653547 1.56281304 1.18579151
 1.45936466 1.50761129 1.5193373  1.50298896 1.40750909 1.56497284
 1.57812078 1.5139158  1.54011147 1.63260684 1.7227102  1.77379472
 1.74250824 1.68662779 1.66011631 1.65587557 1.68123293 1.65501602
 1.65015311 1.60871608 1.64234045 1.81168394 1.84944876 1.78733651
 1.73579951 1.72188374 1.81587214 1.88719504 1.791384   1.93929795
 1.92410614 2.00420962 2.00628492 2.04366576]
 History test loss: 
[0.53846155 0.38461539 0.53846155 0.53846155 0.53846155 0.46153848
 0.46153848 0.53846156 0.6923077  0.46153848 0.53846155 0.53846155
 0.53846155 0.53846155 0.53846155 0.46153848 0.61538463 0.46153848
 0.46153846 0.53846155 0.46153848 0.53846155 0.38461539 0.53846155
 0.61538464 0.46153848 0.76923078 0.46153848 0.69230771 0.69230771
 0.61538463 0.76923078 0.61538463 0.61538464 0.53846155 0.84615386
 0.76923078 0.76923078 0.76923078 0.69230771 0.61538462 0.53846155
 0.53846155 0.61538463 0.46153848 0.53846155 0.53846155 0.53846155
 0.76923078 0.76923078 0.61538464 0.61538463 0.69230771 0.53846155
 0.46153848 0.38461539 0.6923077  0.76923078 0.61538464 0.69230771
 0.46153848 0.76923078 0.6923077  0.46153848 0.53846156 0.53846156
 0.46153848 0.46153848 0.53846156 0.46153848 0.53846156 0.53846156
 0.53846156 0.53846156 0.53846156 0.53846156 0.53846156 0.61538463
 0.61538463 0.53846156 0.46153848 0.46153848 0.61538463 0.53846156
 0.61538463 0.53846156 0.53846156 0.53846156 0.61538463 0.61538463
 0.53846156 0.46153848 0.61538463 0.53846156 0.53846156 0.53846156
 0.53846156 0.53846156 0.53846156 0.53846156]
Train Loss: 0.35353075474134704
Train Acc: 0.8144339683820617
Test Loss: min: 0.5649780562290778 mean: 1.3442950849406996
Test Acc: max: 0.8461538553237915 mean: 0.5684615541421452
######################################################
 History train loss: 
[8.30784120e-01 8.55845781e-01 7.59471276e-01 8.00413832e-01
 7.88314210e-01 8.05923749e-01 8.43261180e-01 7.56045738e-01
 7.87968767e-01 7.32529650e-01 7.30707614e-01 6.90195401e-01
 6.69730569e-01 5.87364533e-01 5.62966557e-01 5.48207836e-01
 4.75946486e-01 5.44555056e-01 5.04784378e-01 8.45160005e-01
 4.75926771e-01 5.08167233e-01 3.57398622e-01 4.76731166e-01
 5.08907461e-01 6.22744596e-01 3.20825243e-01 1.62933956e-01
 2.07861456e-01 1.31702796e-01 1.05460680e-01 1.42221728e-01
 7.83385768e-02 6.88980878e-02 2.91883106e-02 1.29241899e-02
 7.04296227e-03 3.59193466e-03 3.62178632e-03 2.13086730e-03
 2.90685237e-03 2.75565481e-03 1.66632807e-03 1.24202180e-03
 9.10334032e-04 1.26979751e-03 1.13990583e-03 8.40665255e-04
 8.73985364e-04 6.92692998e-04 5.11515200e-04 4.82188833e-03
 1.27630624e-03 7.84887698e-04 8.82094755e-04 1.15266395e-03
 6.81592189e-04 5.95894263e-04 5.13776945e-04 3.04965969e-04
 3.43858900e-04 2.46554411e-04 4.16444922e-04 3.13075622e-04
 1.95968764e-04 2.20692915e-04 2.85600990e-04 1.64826484e-04
 1.55786256e-04 2.75934015e-04 1.55499874e-04 1.92049720e-04
 1.98262846e-04 9.23354044e-03 1.41202485e+00 1.04947904e+00
 8.93890010e-01 8.43602700e-01 6.04710603e-01 5.20971717e-01
 4.22972615e-01 3.15904798e-01 2.83035218e-01 3.18839197e-01
 1.53861147e-01 1.22341275e-01 8.30973773e-02 3.56065735e-02
 2.42036278e-02 1.54437034e-02 6.61333736e-03 4.23105321e-03
 3.74841724e-03 2.89920332e-03 2.90703709e-03 1.83475421e-03
 2.33702178e-03 1.94878152e-03 1.32004257e-03 1.07330877e-03]
 History train acc: 
[0.48598132 0.47663553 0.55140188 0.42990655 0.5233645  0.46728973
 0.5140187  0.54205609 0.45794394 0.47663553 0.55140188 0.59813085
 0.60747665 0.73831777 0.64485983 0.74766357 0.75700936 0.75700936
 0.73831777 0.61682244 0.74766357 0.74766356 0.83177571 0.76635515
 0.72897197 0.72897197 0.8411215  0.94392524 0.91588786 0.96261682
 0.98130841 0.96261682 0.99065421 0.97196262 0.99065421 1.
 1.         1.         1.         1.         1.         1.
 1.         1.         1.         1.         1.         1.
 1.         1.         1.         1.         1.         1.
 1.         1.         1.         1.         1.         1.
 1.         1.         1.         1.         1.         1.
 1.         1.         1.         1.         1.         1.
 1.         0.99065421 0.70093459 0.5233645  0.57943927 0.57943927
 0.682243   0.75700936 0.79439253 0.8411215  0.87850468 0.87850468
 0.95327103 0.98130841 0.99065421 0.99065421 1.         1.
 1.         1.         1.         1.         1.         1.
 1.         1.         1.         1.        ]
 History test loss: 
[6.7158731  4.63933546 0.88262159 2.903551   0.71031146 1.28860741
 1.64863641 1.01968172 0.62186221 0.70132254 2.28878617 0.6987407
 0.62806886 0.67194412 0.83377903 1.6096518  0.92443264 1.49977778
 1.57838451 1.35900925 2.34025058 1.52738229 0.93613061 5.1508701
 3.02974766 1.31195691 1.70045712 2.42095176 1.98586492 1.18005812
 1.81274623 1.34784828 1.88343923 1.72205071 2.0695272  1.87341673
 1.9968919  2.02484645 2.14267396 2.20635576 2.20992181 2.34052591
 2.36231641 2.3369771  2.41495992 2.41040108 2.46856315 2.51397609
 2.49556514 2.53919552 2.55116297 2.5938495  2.63835948 2.77679852
 2.83442663 2.83778078 2.86553518 2.8942858  2.84011743 2.87840819
 2.89754329 2.94372773 2.99340407 3.02000455 3.03966206 3.05701813
 3.08634541 3.09153611 3.11566845 3.11626286 3.15006439 3.17658391
 3.18688312 3.06052614 2.02701459 8.12724904 5.36376825 5.36846097
 2.29194587 1.7518631  1.62846512 1.41103716 1.56442637 1.56888678
 1.53871365 1.41809355 1.78381306 2.19290956 2.1483415  2.20248338
 2.13650747 2.13943322 2.21540196 2.21717225 2.29341705 2.31442224
 2.27348332 2.25869653 2.28327897 2.30238748]
 History test loss: 
[0.58333335 0.58333335 0.50000001 0.58333335 0.50000001 0.41666667
 0.41666668 0.41666668 0.66666669 0.58333335 0.41666668 0.58333335
 0.58333335 0.66666667 0.58333334 0.41666667 0.41666667 0.58333335
 0.58333335 0.66666669 0.58333334 0.50000001 0.5        0.5
 0.5        0.58333335 0.58333335 0.58333335 0.58333335 0.58333335
 0.58333335 0.58333335 0.58333335 0.58333335 0.58333335 0.58333335
 0.58333335 0.58333335 0.58333335 0.58333335 0.58333335 0.58333335
 0.58333335 0.58333335 0.58333335 0.58333335 0.58333335 0.58333335
 0.58333335 0.58333335 0.58333335 0.58333335 0.58333335 0.58333335
 0.58333335 0.58333335 0.58333335 0.58333335 0.58333335 0.58333335
 0.58333335 0.58333335 0.58333335 0.58333335 0.58333335 0.58333335
 0.58333335 0.58333335 0.58333335 0.58333335 0.58333335 0.58333335
 0.58333335 0.66666667 0.5        0.25       0.50000001 0.25
 0.41666667 0.41666667 0.41666667 0.58333335 0.33333334 0.58333335
 0.58333335 0.5        0.50000001 0.50000001 0.41666667 0.33333334
 0.50000001 0.50000001 0.50000001 0.50000001 0.50000001 0.41666667
 0.50000001 0.41666667 0.41666667 0.41666667]
Train Loss: 0.25513914498794654
Train Acc: 0.869158882862218
Test Loss: min: 0.6218622128168741 mean: 2.334478735821701
Test Acc: max: 0.6666666865348816 mean: 0.5375000106046597
######################################################
 History train loss: 
[8.05953988e-01 7.39420166e-01 6.78449727e-01 8.34630963e-01
 7.03655771e-01 7.67440360e-01 7.69090183e-01 9.36628642e-01
 7.48459898e-01 7.05398986e-01 6.69379132e-01 6.11475618e-01
 5.60138773e-01 5.99889723e-01 5.91033691e-01 6.04138378e-01
 6.69706013e-01 6.95233019e-01 5.81496842e-01 5.52126018e-01
 5.78028557e-01 5.13098060e-01 4.68616390e-01 5.88054138e-01
 4.37560967e-01 3.24834650e-01 3.73197314e-01 3.53390353e-01
 3.06456676e-01 4.85170043e-01 4.85146936e-01 2.38085866e-01
 1.84101072e-01 1.10375976e-01 4.94069477e-02 3.39651239e-02
 2.51122024e-02 2.22050493e-02 2.04211727e-02 1.50663494e-02
 6.78032622e-03 2.54349115e-03 2.42428544e-03 2.45425334e-03
 5.01401561e-03 3.01763993e-03 1.77400844e-03 1.72425027e-03
 1.29150431e-03 9.67690114e-04 9.31558893e-04 1.00577989e-03
 8.46482207e-04 8.12650800e-04 7.89292611e-04 6.76106982e-04
 6.09610724e-04 4.96612093e-04 6.08670816e-04 8.80497514e-04
 5.61135597e-04 3.93593138e-04 2.99577707e-04 3.36345641e-04
 3.94771983e-04 1.31333938e-03 1.58079798e-02 2.71201226e-02
 2.65820555e-01 5.50981014e-01 4.93362339e-01 3.45794202e-01
 1.80649172e-01 5.22943684e-01 2.29994335e-01 1.07984672e-01
 1.08271740e-01 4.06896755e-02 4.76403466e-02 6.16528358e-02
 3.60538039e-02 3.25844889e-02 4.19522975e-02 1.50727230e-02
 1.79166832e-03 1.70625366e-03 1.56055874e-03 9.53816773e-04
 7.08630559e-04 1.15308172e-03 6.09550688e-04 5.68247037e-04
 6.11488891e-04 7.94138657e-04 4.51097299e-04 4.35771208e-04
 4.36051905e-04 3.83441941e-04 3.86596385e-04 3.28871672e-04]
 History train acc: 
[0.55140189 0.54205609 0.56074767 0.48598132 0.58878506 0.5140187
 0.55140188 0.54205609 0.57943927 0.59813086 0.60747665 0.68224301
 0.74766356 0.62616824 0.68224301 0.70093459 0.61682244 0.60747665
 0.70093459 0.74766356 0.66355141 0.70093459 0.77570095 0.71962618
 0.76635515 0.8504673  0.81308412 0.83177571 0.88785047 0.78504674
 0.82242992 0.92523365 0.94392524 0.98130841 1.         1.
 1.         1.         1.         1.         1.         1.
 1.         1.         1.         1.         1.         1.
 1.         1.         1.         1.         1.         1.
 1.         1.         1.         1.         1.         1.
 1.         1.         1.         1.         1.         1.
 0.99065421 0.99065421 0.92523365 0.78504674 0.72897198 0.83177571
 0.96261682 0.81308412 0.87850468 0.95327103 0.96261682 0.98130841
 0.98130841 0.98130841 0.99065421 1.         0.99065421 1.
 1.         1.         1.         1.         1.         1.
 1.         1.         1.         1.         1.         1.
 1.         1.         1.         1.        ]
 History test loss: 
[1.19239447 1.04887063 3.79701841 3.58789541 2.46521594 3.12291342
 2.72502724 0.71463622 1.170496   1.04505057 1.13475042 0.68622184
 0.88357898 1.24534323 0.75230843 0.89433667 0.81763949 1.0059175
 0.75045514 0.9923969  1.32259685 1.1371058  0.98815401 1.0038761
 1.01520264 0.96783671 0.86290905 1.77900063 1.03462119 1.33009618
 0.27107114 0.61898829 1.26677646 0.85359802 1.42699422 1.40619295
 1.02615741 1.68506622 1.01963806 1.55939155 1.49431659 1.49312232
 1.48320498 1.43855336 1.31237063 1.6151609  1.67817302 1.63914888
 1.66711731 1.71506887 1.76186988 1.84022053 1.86221502 1.8588473
 1.8982176  1.90312553 1.87868846 1.89290822 1.88361026 1.97023483
 2.06163227 2.07335852 2.07707153 2.07768638 2.06903328 2.03714147
 1.34637132 2.99054778 3.31952202 5.26902139 5.31840175 2.0994014
 3.53220277 2.00875266 2.17047456 2.99267136 2.20954314 2.11918439
 2.0147514  2.95277386 3.24859813 2.95298038 1.30002116 1.61725288
 1.63109298 1.72375298 1.83631848 2.02101623 2.08716025 2.07006096
 2.12233773 2.2805332  2.35847006 2.51598271 2.53755307 2.58194735
 2.58183566 2.62823555 2.61479034 2.64547888]
 History test loss: 
[0.50000002 0.33333334 0.50000001 0.58333335 0.66666669 0.41666667
 0.58333335 0.58333335 0.41666667 0.58333334 0.41666667 0.75000001
 0.41666667 0.75000001 0.58333335 0.50000001 0.58333335 0.66666667
 0.58333335 0.50000001 0.50000001 0.41666667 0.41666668 0.33333334
 0.41666668 0.58333334 0.66666667 0.50000001 0.75000001 0.50000001
 0.83333334 0.66666669 0.50000001 0.66666667 0.58333335 0.5
 0.75000001 0.66666667 0.5        0.66666667 0.58333335 0.58333335
 0.58333335 0.58333335 0.58333335 0.66666667 0.5        0.5
 0.5        0.5        0.5        0.5        0.5        0.5
 0.5        0.5        0.5        0.5        0.5        0.5
 0.5        0.5        0.5        0.5        0.5        0.5
 0.58333335 0.58333334 0.66666667 0.41666667 0.66666667 0.50000001
 0.5        0.58333334 0.41666668 0.58333334 0.58333334 0.58333334
 0.58333334 0.41666668 0.58333334 0.58333334 0.50000001 0.58333334
 0.50000001 0.50000001 0.50000001 0.50000001 0.50000001 0.50000001
 0.50000001 0.50000001 0.50000001 0.50000001 0.50000001 0.50000001
 0.50000001 0.50000001 0.50000001 0.50000001]
Train Loss: 0.22612242477038247
Train Acc: 0.884485985777367
Test Loss: min: 0.27107114096482593 mean: 1.8498887709775633
Test Acc: max: 0.8333333432674408 mean: 0.5383333426217238
######################################################
 History train loss: 
[8.71915413e-01 8.26558733e-01 6.97678723e-01 9.14635041e-01
 8.26006448e-01 7.77001699e-01 8.70273408e-01 7.03829617e-01
 7.55937709e-01 6.74706911e-01 6.77165931e-01 7.74908478e-01
 6.12323931e-01 5.88137539e-01 7.00925798e-01 5.77438471e-01
 5.11978725e-01 4.37444158e-01 3.27730823e-01 3.81345598e-01
 3.06956098e-01 4.19678429e-01 4.13100154e-01 2.73286079e-01
 2.46265305e-01 2.69111402e-01 1.12507768e-01 7.09504234e-02
 7.61927719e-02 6.40638178e-02 1.44689104e-01 3.22595483e-01
 2.05627062e-01 1.03556992e-01 9.78847102e-02 1.84182716e-01
 1.59181071e-01 5.62683277e-02 4.96528859e-02 2.08463380e-02
 1.77728856e-02 8.33302093e-03 3.22032897e-03 1.81876648e-03
 9.96461649e-04 1.08153607e-03 1.08010385e-03 1.77808379e-03
 6.60505273e-04 2.48161842e-03 9.57936381e-04 4.43570090e-03
 7.88252864e-03 8.52583446e-03 4.42950680e-03 2.97718387e-03
 1.24221999e-03 6.06966043e-04 7.62194980e-04 6.77012211e-04
 6.76244476e-04 5.33135740e-04 8.60152850e-04 2.75655527e-04
 2.36125667e-04 3.14366874e-04 2.82988202e-04 1.96410267e-04
 2.14420047e-04 1.88814631e-04 1.59086957e-04 1.68236043e-04
 2.86606509e-04 1.42020851e-04 2.41659573e-04 2.38751603e-03
 2.65081880e-03 7.24892397e-02 6.32767326e-01 1.09011920e+00
 8.13845174e-01 6.84986580e-01 6.38939272e-01 3.99501868e-01
 4.48897753e-01 2.53575636e-01 1.65201685e-01 1.42789566e-01
 8.81256016e-02 4.98499091e-02 3.53254387e-02 2.59840080e-02
 1.92536133e-02 6.61534425e-02 4.97211842e-02 3.13777513e-02
 5.93109492e-02 5.10220125e-02 3.82439223e-02 2.49538438e-02]
 History train acc: 
[0.50467291 0.5233645  0.61682244 0.58878506 0.46728973 0.57943926
 0.45794394 0.5140187  0.46728973 0.57943926 0.59813085 0.58878506
 0.64485983 0.65420562 0.682243   0.70093459 0.74766356 0.80373833
 0.85981309 0.80373833 0.90654206 0.80373833 0.8411215  0.86915889
 0.89719627 0.89719627 0.97196262 0.98130841 0.99065421 0.99065421
 0.94392524 0.83177571 0.92523365 0.93457944 0.97196262 0.95327103
 0.94392524 0.98130841 0.98130841 1.         1.         1.
 1.         1.         1.         1.         1.         1.
 1.         1.         1.         1.         1.         1.
 1.         1.         1.         1.         1.         1.
 1.         1.         1.         1.         1.         1.
 1.         1.         1.         1.         1.         1.
 1.         1.         1.         1.         1.         0.98130841
 0.8411215  0.6915888  0.70093459 0.682243   0.72897197 0.85981309
 0.78504674 0.87850468 0.94392524 0.93457944 0.97196262 0.99065421
 0.99065421 1.         0.99065421 0.99065421 0.99065421 1.
 0.98130841 0.98130841 0.98130841 0.99065421]
 History test loss: 
[5.54423323 4.76655755 6.8248227  6.66144423 3.94015857 2.12930467
 1.30611734 0.8650904  0.77174915 1.15749321 0.86834117 0.67782914
 1.31486397 1.96496493 1.08029937 1.44390441 0.95882665 1.58314668
 1.9976555  0.70992609 2.36093742 1.1975946  0.80577141 1.71306488
 2.1168041  3.54010054 1.00141846 0.91876128 0.88343048 0.52848395
 3.67865915 3.47115955 2.76091115 0.92347498 1.42406773 5.47315357
 0.22918099 1.68081295 2.05679431 2.09574008 1.09181772 1.58484968
 1.54414842 1.35016329 1.32721202 1.3356505  1.32265605 1.41244182
 1.48520985 1.71690178 1.64988015 1.64705453 1.54487449 1.76087596
 1.52024921 2.45718997 2.34718649 2.28800764 2.2209061  2.34462527
 2.35449104 2.35665116 2.31990639 1.86803817 1.83630928 1.85789072
 1.87034861 1.87930591 1.90170893 1.92312792 1.92394373 1.92092701
 1.95877718 1.89722522 1.89186037 3.25670107 1.67331982 1.12286863
 5.42644086 2.97121584 5.37269843 5.43734145 1.38500391 1.79509463
 2.16040794 1.71606401 1.55582677 1.12553955 1.39600786 1.12854458
 1.62993547 1.93500234 1.98971362 2.31448685 2.71223807 3.82997694
 2.65642324 1.65998816 1.16971043 1.60613799]
 History test loss: 
[0.5        0.50000001 0.33333334 0.58333334 0.41666668 0.5
 0.58333334 0.58333334 0.58333334 0.41666668 0.58333334 0.58333333
 0.58333334 0.58333334 0.66666668 0.50000001 0.66666668 0.66666668
 0.58333334 0.75       0.50000001 0.66666668 0.75000001 0.75
 0.66666668 0.58333335 0.58333335 0.66666668 0.66666668 0.75
 0.58333334 0.66666668 0.58333335 0.75000001 0.66666668 0.58333335
 0.91666667 0.58333335 0.66666668 0.66666668 0.66666668 0.66666668
 0.58333335 0.50000001 0.50000001 0.50000001 0.50000001 0.50000001
 0.50000001 0.58333335 0.50000001 0.58333335 0.58333334 0.66666668
 0.50000001 0.58333335 0.50000001 0.50000001 0.50000001 0.50000001
 0.50000001 0.50000001 0.58333335 0.50000001 0.50000001 0.50000001
 0.50000001 0.50000001 0.50000001 0.50000001 0.50000001 0.50000001
 0.50000001 0.50000001 0.50000001 0.50000001 0.58333335 0.75000001
 0.58333335 0.58333334 0.66666668 0.58333334 0.66666668 0.50000001
 0.50000001 0.66666668 0.58333334 0.50000001 0.58333334 0.58333335
 0.58333334 0.50000001 0.50000001 0.66666668 0.58333334 0.58333334
 0.66666668 0.58333334 0.75000001 0.66666668]
Train Loss: 0.23068509721301342
Train Acc: 0.8888785087393822
Test Loss: min: 0.2291809885452191 mean: 2.081661515547157
Test Acc: max: 0.9166666716337204 mean: 0.5783333416779837
######################################################
 History train loss: 
[8.15896559e-01 7.97944013e-01 7.63964906e-01 8.65168695e-01
 7.19231143e-01 7.84091346e-01 8.17912812e-01 7.01284363e-01
 7.11029306e-01 6.85994574e-01 7.60638610e-01 6.97709064e-01
 8.23291777e-01 8.59662971e-01 6.97846346e-01 7.41594210e-01
 9.16321269e-01 6.78363509e-01 7.46518402e-01 6.44900830e-01
 6.50370157e-01 6.16817794e-01 6.38135513e-01 6.32714382e-01
 5.16941457e-01 6.32802198e-01 4.78725516e-01 4.34472856e-01
 4.06276137e-01 3.84179301e-01 5.11149218e-01 4.29380728e-01
 5.22024758e-01 5.02654818e-01 3.34392796e-01 3.17679933e-01
 2.47508847e-01 2.31100538e-01 3.10085446e-01 1.92480978e-01
 3.69719366e-01 5.95645891e-01 5.43633539e-01 3.61859443e-01
 1.87853009e-01 1.81354750e-01 1.18416109e-01 5.41701192e-02
 5.05088983e-02 1.69345127e-01 1.53583502e-01 6.62197496e-02
 6.23407382e-02 9.08436793e-02 7.18459195e-02 1.59221221e-01
 7.52543862e-02 5.71340682e-02 7.11686138e-02 3.09348208e-02
 1.89544626e-02 8.51445436e-03 7.91206689e-03 4.45374999e-03
 3.23523272e-03 3.58384488e-03 1.10156643e-02 1.24865963e-02
 6.33564637e-03 2.51512096e-03 4.35664741e-03 2.38547233e-03
 1.86019544e-02 1.71663593e-02 3.35874153e-02 5.20989069e-02
 2.50547791e-01 5.87058374e-01 4.65823580e-01 2.46501302e-01
 2.15251862e-01 1.00946070e-01 6.97795847e-02 5.67885613e-02
 1.54222652e-02 9.10696639e-03 8.75815050e-03 4.43105146e-03
 5.18315319e-03 2.20087031e-03 2.19632265e-03 6.39656273e-03
 2.09259132e-03 1.55037975e-03 1.52541952e-03 1.03527374e-03
 2.29275730e-03 7.18382281e-04 3.96928231e-03 1.30879724e-03]
 History train acc: 
[0.5140187  0.47663553 0.46728973 0.49532711 0.55140188 0.50467291
 0.5140187  0.57943927 0.60747664 0.58878506 0.54205609 0.62616824
 0.54205609 0.45794394 0.62616824 0.61682244 0.45794394 0.62616824
 0.57009347 0.62616823 0.60747665 0.67289721 0.63551403 0.65420562
 0.74766356 0.64485983 0.76635515 0.81308412 0.80373833 0.81308412
 0.71028039 0.79439253 0.78504674 0.73831777 0.85981309 0.83177571
 0.88785047 0.89719627 0.86915888 0.89719627 0.81308412 0.76635515
 0.72897197 0.88785047 0.90654206 0.93457944 0.95327103 1.
 0.99065421 0.89719627 0.93457944 0.99065421 0.98130841 0.96261682
 0.96261682 0.93457944 0.98130841 0.99065421 0.96261682 0.99065421
 1.         1.         1.         1.         1.         1.
 0.99065421 1.         1.         1.         1.         1.
 0.99065421 0.99065421 0.98130841 0.98130841 0.88785047 0.81308412
 0.83177571 0.90654206 0.90654206 0.97196262 0.97196262 0.98130841
 1.         1.         1.         1.         1.         1.
 1.         1.         1.         1.         1.         1.
 1.         1.         1.         1.        ]
 History test loss: 
[6.61385579 4.22035281 8.97712461 0.9239109  1.00087224 1.27791139
 4.55319266 0.63354335 0.79307347 0.86348702 0.99693808 1.26297383
 1.02745482 1.22749141 0.89639914 1.18818961 1.17173839 0.69088897
 0.7089521  0.82524347 0.91109677 0.96170996 0.83367766 0.85807601
 0.85373318 1.00633511 0.95790391 0.98888945 0.9311227  1.7223502
 1.69867687 1.74998615 2.30008353 1.38898725 2.04882354 1.26823822
 1.24962974 1.83949045 1.28461935 1.17822059 1.5036281  2.11834038
 2.26671687 2.41368187 2.74013801 1.56320571 2.29174776 2.37308322
 2.5948169  3.1910334  2.78664356 1.83703034 2.21249335 1.92098888
 1.67648312 2.3227324  2.60580238 2.72986205 1.93686749 2.03299197
 1.71942247 1.33086496 1.30743498 1.46017813 1.20878645 1.36043438
 2.01800384 2.31793972 2.5864931  2.46753115 2.24097329 2.18242237
 1.99064992 1.93491216 1.27006548 1.96315027 1.71541866 2.51743553
 4.46756014 4.60506182 4.47103361 2.698087   4.24698965 2.04125623
 2.21276564 2.39819522 2.21928373 1.73861228 1.73126726 1.71975655
 1.6732884  1.53527513 1.46155184 1.53876108 1.64426259 1.70023408
 1.73831802 1.71147892 1.63168864 1.89198541]
 History test loss: 
[0.58333335 0.41666668 0.41666668 0.41666668 0.41666668 0.41666668
 0.41666668 0.66666668 0.33333334 0.58333335 0.41666668 0.58333335
 0.41666668 0.58333335 0.33333334 0.58333335 0.5        0.50000001
 0.66666667 0.58333335 0.5        0.41666667 0.41666667 0.58333335
 0.58333335 0.50000001 0.41666667 0.50000001 0.50000001 0.33333334
 0.41666667 0.25       0.33333334 0.33333334 0.25       0.58333335
 0.41666667 0.41666667 0.58333335 0.5        0.41666668 0.25
 0.50000001 0.33333334 0.33333334 0.50000001 0.33333334 0.41666667
 0.5        0.33333334 0.50000001 0.41666668 0.5        0.50000001
 0.41666667 0.5        0.5        0.41666667 0.58333334 0.50000001
 0.66666667 0.66666667 0.66666667 0.58333335 0.58333335 0.58333335
 0.50000001 0.58333335 0.41666667 0.50000001 0.50000001 0.50000001
 0.58333335 0.58333335 0.75000001 0.5        0.41666668 0.33333334
 0.33333334 0.33333334 0.41666667 0.41666667 0.41666667 0.41666667
 0.41666667 0.41666667 0.50000001 0.58333335 0.58333334 0.58333334
 0.66666667 0.66666667 0.58333334 0.66666667 0.66666667 0.66666667
 0.66666667 0.66666667 0.58333334 0.66666667]
Train Loss: 0.2995839997162517
Train Acc: 0.8419626222481239
Test Loss: min: 0.6335433473189672 mean: 1.9567236258885565
Test Acc: max: 0.7500000149011612 mean: 0.49250000795970356
######################################################
 History train loss: 
[9.33227789e-01 7.56818672e-01 8.89928447e-01 7.86065933e-01
 9.45007724e-01 9.12859090e-01 7.43900795e-01 7.70334962e-01
 8.52753607e-01 8.38274388e-01 7.57061007e-01 7.40387122e-01
 8.36824109e-01 7.87688575e-01 7.62650590e-01 7.45776988e-01
 7.86575426e-01 7.49569419e-01 7.15736295e-01 6.81072431e-01
 6.14187873e-01 6.03241887e-01 5.88665536e-01 5.45416585e-01
 4.44556620e-01 6.15004004e-01 4.57240575e-01 3.45660008e-01
 3.90129578e-01 3.42744881e-01 2.54011270e-01 2.52073108e-01
 4.34775492e-01 4.52780601e-01 2.26971094e-01 1.66625959e-01
 2.46911298e-01 5.58500127e-01 2.53080662e-01 2.32737526e-01
 8.58143517e-02 6.65588562e-02 3.67310169e-01 3.71617158e-01
 1.27709314e-01 8.03155154e-02 3.17104374e-02 1.59593719e-02
 9.83714034e-03 5.46764773e-03 4.00422890e-03 3.80657988e-03
 3.79873922e-03 2.42222514e-03 2.57889769e-03 2.27717905e-03
 1.81946922e-03 2.57720646e-03 1.93006312e-03 1.46689721e-03
 2.20686077e-03 1.43484862e-03 1.93801748e-03 1.25196590e-03
 1.30754557e-03 1.82440572e-03 3.99106575e-03 1.53190697e-03
 1.01065070e-03 1.02512009e-03 7.84395922e-04 8.74914078e-04
 6.68774064e-04 6.69243076e-04 1.09960338e-03 9.93726099e-04
 8.32044710e-04 5.48045140e-04 4.54573848e-04 2.15836412e-03
 1.61166370e-03 6.32713312e-04 7.81500401e-04 5.37290832e-04
 4.52893373e-04 3.87557269e-04 3.52367343e-04 3.99047663e-04
 1.61236398e-03 6.73373096e-04 5.70084116e-04 5.58205881e-04
 2.77988464e-04 3.30285675e-04 4.79530960e-04 3.39086933e-04
 2.81861651e-04 2.64608595e-04 2.34336051e-04 4.19770730e-04]
 History train acc: 
[0.50467291 0.50467291 0.57943926 0.61682244 0.5233645  0.45794394
 0.48598132 0.56074767 0.5233645  0.44859814 0.51401871 0.47663553
 0.43925235 0.50467291 0.49532711 0.5140187  0.55140188 0.57943926
 0.54205609 0.60747665 0.65420562 0.682243   0.70093459 0.71962618
 0.78504674 0.64485983 0.80373833 0.8411215  0.79439253 0.87850468
 0.90654206 0.91588785 0.80373833 0.76635515 0.92523365 0.91588785
 0.89719627 0.78504673 0.87850468 0.93457944 0.98130841 0.98130841
 0.87850468 0.80373833 0.93457944 0.98130841 1.         1.
 1.         1.         1.         1.         1.         1.
 1.         1.         1.         1.         1.         1.
 1.         1.         1.         1.         1.         1.
 1.         1.         1.         1.         1.         1.
 1.         1.         1.         1.         1.         1.
 1.         1.         1.         1.         1.         1.
 1.         1.         1.         1.         1.         1.
 1.         1.         1.         1.         1.         1.
 1.         1.         1.         1.        ]
 History test loss: 
[6.58794713 1.3849651  3.66407897 0.87553877 3.38424665 0.87109136
 1.28363626 0.82573726 0.82879692 0.8077057  0.68137902 1.07187971
 0.71687635 1.01019607 0.71154198 1.31788494 1.10654611 0.70031016
 0.67479788 0.61490448 1.06410446 0.79689785 0.68395309 1.11245802
 0.97953285 1.04373073 0.97611431 0.87140186 0.86034948 1.82132094
 1.50942492 1.66519308 1.94507007 0.67756245 1.43157328 1.56994383
 2.34813089 3.87297954 1.26717485 1.33176484 1.75863507 2.42447184
 3.99701308 2.09203217 2.32932569 2.38995541 2.48364352 2.36194324
 2.38650169 2.48480438 2.55039222 2.60594323 2.60806445 2.58668395
 2.62429147 2.65966398 2.64555331 2.70099645 2.71560698 2.74850051
 2.84078957 2.87368667 2.93616234 2.97255677 2.98372355 3.02995795
 2.98687289 3.13791375 3.05285466 3.0530298  3.07337779 3.06028895
 3.05817099 3.09328253 3.13435503 3.32289453 3.24560947 3.23341844
 3.23627938 3.15070978 3.18191821 3.20238684 3.18763382 3.23724658
 3.30878177 3.34177256 3.3361197  3.32421822 3.16328391 3.09882618
 3.15637716 3.22523064 3.26286857 3.27135672 3.1870883  3.18771724
 3.20706562 3.2095892  3.23117637 3.27034317]
 History test loss: 
[0.58333334 0.58333334 0.58333334 0.58333334 0.33333334 0.58333335
 0.50000001 0.50000001 0.50000001 0.33333334 0.58333334 0.41666667
 0.5        0.41666667 0.58333334 0.41666667 0.41666667 0.58333335
 0.58333334 0.66666668 0.50000001 0.33333334 0.66666667 0.33333334
 0.5        0.50000001 0.41666668 0.50000001 0.58333335 0.50000001
 0.58333335 0.58333335 0.58333334 0.66666668 0.5        0.58333335
 0.58333335 0.5        0.41666667 0.58333335 0.5        0.58333334
 0.5        0.41666667 0.41666667 0.5        0.66666669 0.66666669
 0.66666669 0.66666669 0.66666669 0.66666669 0.66666669 0.66666669
 0.66666669 0.66666669 0.66666669 0.66666669 0.66666669 0.66666669
 0.66666669 0.66666669 0.66666669 0.66666669 0.66666669 0.66666669
 0.66666669 0.66666669 0.66666669 0.66666669 0.66666669 0.66666669
 0.66666669 0.66666669 0.66666669 0.66666669 0.66666669 0.66666669
 0.66666669 0.58333335 0.58333335 0.58333335 0.66666669 0.66666669
 0.66666669 0.66666669 0.66666669 0.66666669 0.58333335 0.50000001
 0.58333335 0.66666669 0.66666669 0.66666669 0.66666669 0.66666669
 0.66666669 0.66666669 0.66666669 0.66666669]
Train Loss: 0.25244612105104897
Train Acc: 0.8622429949086962
Test Loss: min: 0.6149044831593832 mean: 2.341697004035958
Test Acc: max: 0.6666666865348816 mean: 0.5900000140567621
######################################################
 History train loss: 
[1.00856932e+00 7.50530625e-01 9.54835800e-01 7.42506084e-01
 6.80209769e-01 7.06330944e-01 6.68068742e-01 5.97420598e-01
 6.08758291e-01 5.93541426e-01 6.00015637e-01 6.63582018e-01
 5.68751601e-01 4.98127362e-01 6.30915514e-01 5.25109420e-01
 4.97154957e-01 3.91411753e-01 4.60560513e-01 4.03554672e-01
 2.91644157e-01 1.73338940e-01 2.49546801e-01 2.02849733e-01
 2.44832237e-01 1.59841811e-01 2.21479212e-01 8.27042440e-01
 6.91915521e-01 3.77468580e-01 3.46600777e-01 4.27842976e-01
 2.01427497e-01 1.34877894e-01 8.00952169e-02 7.29329314e-02
 1.12826037e-01 3.92294140e-02 1.64754100e-02 9.46433923e-03
 3.85734782e-03 3.85316831e-03 2.60753830e-03 8.19527320e-03
 1.35382546e-02 4.80946987e-03 2.68606107e-03 1.38161615e-03
 1.00387032e-03 1.70904560e-03 9.71276083e-04 1.10437390e-03
 9.96648075e-04 1.19481850e-03 8.24106348e-04 5.09990794e-04
 6.92754316e-04 5.34442344e-04 6.82895033e-04 7.19123371e-04
 6.23858585e-04 2.71999491e-03 2.29234089e-03 1.81527568e-03
 1.00625059e-03 9.62340942e-04 3.52518338e-04 1.26436431e-03
 5.20203560e-04 3.68792367e-04 3.29005115e-04 3.03373808e-04
 2.26000496e-04 4.77890817e-04 3.60487755e-04 1.44168137e-04
 1.92426045e-04 1.22366062e-04 1.65319963e-04 2.03630174e-04
 2.13112705e-04 2.56502049e-04 1.20091702e-04 1.42354363e-03
 4.66581048e-04 7.67973240e-04 6.21558542e-04 3.60112254e-04
 5.07279216e-04 2.61209575e-04 1.75789866e-04 3.30568606e-04
 1.70046106e-04 1.41130863e-04 3.77701660e-03 8.82591809e-01
 1.03765444e+00 1.40814163e+00 8.66323844e-01 5.95965730e-01]
 History train acc: 
[0.48148149 0.54629631 0.53703705 0.52777779 0.64814816 0.55555557
 0.60185186 0.67592594 0.66666668 0.64814816 0.66666668 0.64814816
 0.72222224 0.75000001 0.71296297 0.72222223 0.78703705 0.85185186
 0.72222223 0.80555557 0.90740741 0.95370371 0.92592593 0.91666667
 0.93518519 0.93518519 0.91666667 0.72222223 0.6388889  0.85185186
 0.8425926  0.80555557 0.92592593 0.95370371 0.98148148 0.98148148
 0.98148148 1.         1.         1.         1.         1.
 1.         1.         1.         1.         1.         1.
 1.         1.         1.         1.         1.         1.
 1.         1.         1.         1.         1.         1.
 1.         1.         1.         1.         1.         1.
 1.         1.         1.         1.         1.         1.
 1.         1.         1.         1.         1.         1.
 1.         1.         1.         1.         1.         1.
 1.         1.         1.         1.         1.         1.
 1.         1.         1.         1.         1.         0.75000001
 0.57407409 0.55555557 0.61111113 0.65740742]
 History test loss: 
[3.49663808 7.16772947 1.54066708 1.28916739 1.26100177 1.39202782
 1.33470138 2.12191491 3.29900124 2.40266763 2.63460144 5.29370811
 2.94113857 2.7550269  3.54875024 6.49837802 5.69034234 4.99875634
 5.66042458 9.24138997 3.6829443  5.30099663 4.76588757 5.97007886
 5.29808213 4.13732981 6.15128912 5.21275197 7.62765104 5.41672119
 4.41782252 4.48605041 4.07014319 4.82575095 4.69941265 4.6310402
 5.79690792 4.48196327 4.19646197 4.36221424 4.18810417 3.84073745
 3.75981682 3.10591726 3.37591832 3.91628067 4.08956804 4.05939718
 4.13527515 4.14637838 4.21595155 4.26011055 4.35867771 4.36703535
 4.40068665 4.41575675 4.5071384  4.5166303  4.51098717 4.51201174
 4.49823421 4.96840611 5.42812209 4.95008388 4.91256549 4.71253493
 4.61582472 4.5136997  4.47939795 4.49491637 4.54926725 4.61259287
 4.63029255 4.65477343 4.60910002 4.63307764 4.64407024 4.66294159
 4.67751913 4.66075954 4.67557526 4.68716962 4.69848622 4.79219951
 4.56887423 4.59792009 4.47100795 4.41888262 4.4796068  4.77785347
 4.75162625 4.67788174 4.71866077 4.74081497 5.04643692 8.71181982
 8.69584664 6.88225369 4.8980794  4.73108847]
 History test loss: 
[0.63636365 0.54545456 0.54545456 0.45454547 0.54545456 0.36363638
 0.45454546 0.45454547 0.27272728 0.63636366 0.45454546 0.27272728
 0.54545456 0.45454547 0.27272728 0.18181818 0.18181818 0.27272728
 0.45454547 0.36363638 0.45454547 0.27272728 0.36363638 0.45454547
 0.36363638 0.27272728 0.36363638 0.36363637 0.36363638 0.27272728
 0.36363638 0.36363638 0.27272728 0.27272728 0.18181818 0.27272728
 0.36363638 0.36363638 0.27272728 0.27272728 0.27272728 0.45454547
 0.45454547 0.54545457 0.45454547 0.27272728 0.27272728 0.27272728
 0.27272728 0.36363638 0.36363638 0.36363638 0.36363638 0.36363638
 0.36363638 0.36363638 0.36363638 0.36363638 0.36363638 0.36363638
 0.36363638 0.36363638 0.27272728 0.27272728 0.27272728 0.27272728
 0.36363638 0.36363638 0.36363638 0.36363638 0.36363638 0.36363638
 0.36363638 0.36363638 0.36363638 0.36363638 0.36363638 0.36363638
 0.36363638 0.36363638 0.36363638 0.36363638 0.36363638 0.36363638
 0.45454547 0.45454547 0.36363638 0.36363638 0.36363638 0.36363638
 0.36363638 0.36363638 0.36363638 0.36363638 0.45454547 0.45454547
 0.45454547 0.45454547 0.54545455 0.45454546]
Train Loss: 0.22298279622193692
Train Acc: 0.8960185223279725
Test Loss: min: 1.2610017657279968 mean: 4.5471217698183715
Test Acc: max: 0.6363636580380526 mean: 0.37181819223544804
######################################################
 History train loss: 
[7.91878497e-01 8.62404653e-01 8.57076742e-01 7.13822357e-01
 8.57859229e-01 7.30700081e-01 8.31012808e-01 8.34566947e-01
 7.02234728e-01 7.59525493e-01 7.45965861e-01 6.60899312e-01
 6.68368579e-01 6.78275520e-01 6.22376510e-01 5.70757364e-01
 5.76902806e-01 4.89742808e-01 4.41180783e-01 4.69800832e-01
 4.16835456e-01 3.62821773e-01 3.40906779e-01 2.52311987e-01
 3.97584065e-01 2.67431383e-01 1.91384372e-01 1.05809855e-01
 1.37974593e-01 1.05166147e-01 6.82271667e-02 2.06782813e-02
 1.73613480e-02 1.58813955e-02 7.50917435e-03 7.31471414e-03
 1.79658935e-02 1.68846485e-01 4.32092237e-01 5.06434326e-01
 3.23487989e-01 2.11070333e-01 1.56084110e-01 6.54701171e-02
 6.14464320e-02 4.58793760e-02 9.17406044e-03 1.59544073e-02
 3.53075676e-02 2.93860473e-02 1.06698575e-02 3.94539322e-03
 2.78054157e-03 1.30023539e-03 1.83465978e-03 1.48488480e-03
 3.95412177e-03 2.18722565e-03 1.16071871e-03 2.33029564e-03
 1.27433665e-03 8.53511981e-04 9.88625514e-04 5.92769277e-04
 7.72066302e-04 5.22185672e-04 6.00337021e-04 3.14501938e-04
 1.03211564e-03 5.44638503e-04 6.48606941e-04 6.94334611e-04
 4.28207203e-04 3.55282853e-04 3.75232821e-04 5.18912008e-03
 9.11966181e-04 4.74572699e-04 4.64234446e-04 5.73076881e-04
 3.00509437e-04 2.66661886e-04 7.37462136e-04 4.50577878e-04
 4.53433042e-03 2.66352558e-03 5.18546988e-01 1.70490586e+00
 8.20563660e-01 8.71209405e-01 6.49673206e-01 4.31119677e-01
 3.81171428e-01 2.93904263e-01 2.08427645e-01 1.22405515e-01
 6.66308400e-02 7.62790136e-02 3.74828379e-02 5.59858009e-02]
 History train acc: 
[0.50925927 0.61111112 0.46296297 0.52777779 0.53703705 0.50000001
 0.49074075 0.54629631 0.64814816 0.55555557 0.56481483 0.60185187
 0.6388889  0.65740742 0.6388889  0.70370372 0.70370372 0.75925927
 0.80555557 0.80555556 0.80555557 0.87037038 0.8425926  0.89814815
 0.77777779 0.87962964 0.93518519 0.98148148 0.95370371 0.96296297
 0.99074074 1.         1.         1.         1.         1.
 0.99074074 0.93518519 0.85185186 0.78703705 0.83333334 0.89814815
 0.94444445 0.99074074 0.97222222 1.         1.         1.
 0.99074074 0.99074074 1.         1.         1.         1.
 1.         1.         1.         1.         1.         1.
 1.         1.         1.         1.         1.         1.
 1.         1.         1.         1.         1.         1.
 1.         1.         1.         1.         1.         1.
 1.         1.         1.         1.         1.         1.
 1.         1.         0.88888889 0.53703705 0.70370372 0.64814816
 0.67592594 0.79629631 0.80555557 0.87037038 0.93518519 0.94444445
 0.98148148 0.98148148 0.99074074 0.97222222]
 History test loss: 
[7.32640683 5.56672356 0.58795113 0.84223008 3.3203252  3.52718375
 1.51845776 6.32834121 4.24509261 1.26074169 3.40331446 0.63357106
 2.71733456 0.93161039 0.55504857 0.91682803 0.85127827 0.47906487
 0.90200903 0.88580486 1.34592491 1.29610946 1.18614949 1.1576791
 1.59333614 2.01501412 1.09583784 0.85492162 1.78606647 1.8049795
 1.39191386 1.21497198 1.23261193 1.60409078 1.57055027 1.49205372
 1.83943988 3.88111216 2.16386327 4.46301746 2.83413974 3.95071077
 4.08549906 2.8465941  2.91796467 2.63242083 2.34839474 2.10234645
 2.26822388 1.67623325 1.69341611 1.5289964  1.52084472 1.52780715
 1.48942258 1.48560717 1.1253691  1.21179536 1.27181694 1.28914919
 1.26838007 1.29715273 1.32306408 1.35741554 1.3998071  1.43348734
 1.46224639 1.48738338 1.44014626 1.5284577  1.61140986 1.63478802
 1.61905625 1.6729495  1.6814758  1.93228411 1.82946272 1.77102424
 1.69356263 1.70768691 1.69006458 1.647243   1.65989433 1.67976578
 1.44422429 1.91293012 5.54824894 4.29732598 8.78499377 3.75184557
 4.1695955  1.71352747 1.8982486  2.36551316 1.54063669 1.29849243
 1.42925334 1.47165308 1.48035002 1.71547449]
 History test loss: 
[0.54545457 0.54545457 0.63636364 0.54545457 0.45454546 0.54545457
 0.45454546 0.45454546 0.54545457 0.72727274 0.36363637 0.72727274
 0.54545457 0.81818182 0.72727274 0.72727274 0.63636365 0.72727274
 0.63636365 0.72727274 0.63636365 0.45454547 0.63636365 0.45454547
 0.63636365 0.45454547 0.72727274 0.72727274 0.45454547 0.63636365
 0.54545457 0.63636365 0.45454547 0.54545457 0.54545457 0.63636365
 0.45454546 0.54545457 0.45454547 0.63636365 0.81818182 0.63636364
 0.63636365 0.63636365 0.63636364 0.63636365 0.63636365 0.63636365
 0.72727274 0.63636365 0.63636365 0.72727274 0.72727274 0.72727274
 0.72727274 0.72727274 0.54545457 0.72727274 0.72727274 0.72727274
 0.72727274 0.72727274 0.72727274 0.72727274 0.72727274 0.72727274
 0.72727274 0.72727274 0.63636365 0.63636365 0.63636365 0.63636365
 0.63636365 0.63636365 0.63636365 0.63636365 0.63636365 0.63636365
 0.63636365 0.63636365 0.63636365 0.63636365 0.63636365 0.63636365
 0.54545457 0.63636365 0.54545457 0.54545457 0.36363637 0.63636365
 0.54545457 0.63636365 0.72727274 0.72727274 0.72727274 0.72727274
 0.54545457 0.36363638 0.63636366 0.36363637]
Train Loss: 0.24955666638634905
Train Acc: 0.8808333377195177
Test Loss: min: 0.4790648696097461 mean: 2.0624623579841996
Test Acc: max: 0.8181818236004222 mean: 0.6227272868427363
######################################################
 History train loss: 
[9.18652134e-01 8.93336043e-01 7.99877156e-01 9.70042658e-01
 7.58058549e-01 7.12844062e-01 7.93735548e-01 6.75656135e-01
 7.88937763e-01 6.61873608e-01 5.70861705e-01 6.13829854e-01
 8.08935276e-01 6.86164149e-01 6.98825905e-01 6.63782117e-01
 6.80885089e-01 5.92723373e-01 6.12488191e-01 7.97057126e-01
 5.40389535e-01 4.84440429e-01 4.51368009e-01 5.00302775e-01
 3.43960272e-01 5.46901225e-01 3.81801923e-01 2.90126765e-01
 3.52002615e-01 2.54145915e-01 1.68907165e-01 1.48819661e-01
 2.16805624e-01 1.09690029e-01 1.09278957e-01 1.67809293e-01
 2.69152605e-01 3.03335371e-01 3.13434406e-01 1.17306465e-01
 1.65332249e-01 9.84582418e-02 4.01693747e-02 4.84742944e-02
 3.68602208e-02 1.52119964e-02 1.19706672e-02 2.06464785e-02
 1.59532344e-02 3.54295333e-03 1.41011734e-03 1.79114824e-03
 1.18392382e-03 7.38602199e-04 6.94803025e-04 5.37716603e-04
 6.49412752e-04 5.28516925e-04 4.91825898e-04 4.21445566e-04
 4.52107645e-04 4.62721764e-04 4.22581294e-04 3.64490266e-04
 3.38401794e-04 3.83901438e-04 3.61379212e-04 4.86583986e-04
 3.52326223e-04 2.71104048e-04 2.70150218e-04 2.45150621e-04
 2.73550145e-04 2.04627177e-04 2.34244284e-04 2.30545998e-04
 2.29376154e-04 1.51604775e-04 2.41943162e-04 2.62477660e-04
 1.53906601e-04 1.80446749e-04 1.78339653e-04 1.24623231e-04
 1.57710071e-04 1.43073296e-04 2.25592422e-04 1.28867476e-04
 1.48891639e-04 1.15327921e-04 1.88391020e-04 1.23190745e-04
 1.38752715e-04 1.36963736e-04 1.08426734e-04 1.65549984e-04
 1.10007121e-04 8.46611100e-05 9.47376191e-05 8.98940231e-05]
 History train acc: 
[0.50925927 0.55555557 0.49074075 0.50925927 0.56481482 0.55555557
 0.50925927 0.59259261 0.51851853 0.6388889  0.71296298 0.73148149
 0.60185186 0.59259261 0.52777779 0.58333335 0.66666668 0.60185187
 0.6851852  0.64814816 0.74074075 0.72222224 0.78703705 0.73148149
 0.81481482 0.69444446 0.78703705 0.87037038 0.82407408 0.89814815
 0.92592593 0.93518519 0.90740741 0.98148148 0.95370371 0.92592593
 0.90740741 0.8425926  0.86111112 0.96296297 0.92592593 0.95370371
 1.         0.99074074 0.99074074 1.         1.         0.99074074
 1.         1.         1.         1.         1.         1.
 1.         1.         1.         1.         1.         1.
 1.         1.         1.         1.         1.         1.
 1.         1.         1.         1.         1.         1.
 1.         1.         1.         1.         1.         1.
 1.         1.         1.         1.         1.         1.
 1.         1.         1.         1.         1.         1.
 1.         1.         1.         1.         1.         1.
 1.         1.         1.         1.        ]
 History test loss: 
[0.99178038 5.89558218 0.96554722 0.70706901 0.65237579 2.67925409
 1.2421349  0.86776713 1.30726453 1.49253701 1.10044317 2.00047339
 0.91027508 0.72126936 1.23826367 0.9348931  0.89513393 0.97614181
 1.40211134 1.62654768 0.6325063  1.24728093 1.32987168 1.20452768
 1.88364122 1.06708877 1.32991035 1.92633911 1.7352535  1.51217003
 2.98171513 3.20392563 3.74671331 4.36894061 2.35245491 2.51620698
 2.00478177 1.2475824  2.99067638 2.68689396 1.59304008 4.08686935
 3.71227691 2.10008543 3.50545598 3.95121361 4.27061347 4.87848783
 3.03824743 2.37285267 2.48195598 2.69628861 2.82912397 2.94804836
 3.04188466 3.07912394 3.09803401 3.10442403 3.12958658 3.16883005
 3.19283094 3.21319258 3.2341751  3.24248562 3.25238883 3.26528524
 3.30523943 3.24869874 3.29306628 3.31249928 3.33111206 3.33115348
 3.37328878 3.40022904 3.41641695 3.41758239 3.41995706 3.42710447
 3.4077907  3.43536374 3.4460472  3.46421471 3.4896446  3.49420779
 3.49835794 3.50597321 3.51884638 3.52809806 3.53971061 3.54015392
 3.54135028 3.56735805 3.5978023  3.59504758 3.59464628 3.59061402
 3.63584948 3.64718012 3.64082724 3.63915047]
 History test loss: 
[0.45454546 0.54545455 0.54545455 0.36363638 0.45454546 0.45454546
 0.54545455 0.36363637 0.45454546 0.45454545 0.54545455 0.36363638
 0.36363637 0.54545456 0.45454546 0.54545456 0.45454546 0.45454546
 0.54545455 0.27272728 0.72727274 0.36363638 0.54545455 0.63636365
 0.45454545 0.54545455 0.54545455 0.36363638 0.45454546 0.36363637
 0.18181818 0.36363637 0.36363637 0.27272728 0.54545455 0.45454547
 0.45454546 0.72727274 0.27272728 0.45454546 0.54545455 0.18181818
 0.36363637 0.54545456 0.54545456 0.27272728 0.36363637 0.27272728
 0.36363637 0.45454546 0.36363637 0.45454546 0.45454546 0.36363637
 0.36363637 0.36363637 0.36363637 0.36363637 0.36363637 0.36363637
 0.36363637 0.36363637 0.36363637 0.36363637 0.36363637 0.36363637
 0.36363637 0.45454547 0.36363637 0.36363637 0.36363637 0.36363637
 0.36363637 0.36363637 0.36363637 0.36363637 0.36363637 0.36363637
 0.36363637 0.36363637 0.36363637 0.36363637 0.36363637 0.36363637
 0.36363637 0.36363637 0.36363637 0.36363637 0.36363637 0.36363637
 0.36363637 0.36363637 0.36363637 0.36363637 0.36363637 0.36363637
 0.36363637 0.36363637 0.36363637 0.36363637]
Train Loss: 0.21242649328191165
Train Acc: 0.8872222261889665
Test Loss: min: 0.6325062973932787 mean: 2.7125672936845904
Test Acc: max: 0.7272727435285394 mean: 0.406363642595031
######################################################