
 History train loss: 
[0.86179085 0.83634034 0.91168758 0.97358506 0.76099544 0.72004927
 0.80446352 0.91775205 0.79926457 0.74469751 0.69095523 0.63798567
 0.66381087 0.62984404 0.61021281 0.57729944 0.55591877 0.65246076
 0.62863092 0.59416366 0.561349   0.44129603 0.44239505 0.44428666
 0.45066399 0.4689162  0.54556021 0.6244612  0.5369584  0.52028965
 0.52070273 0.44146285 0.45047539 0.27137743 0.24641808 0.20101942
 0.29074837 0.2698808  0.11904412 0.10083452 0.10134056 0.06550409
 0.04621881 0.03813292 0.16631614 0.69277422 0.64922319 0.70539274
 0.42840211 0.3039065  0.22090549 0.37908965 0.27782157 0.14927127
 0.18175672 0.07814742 0.06401273 0.05199244 0.10063528 0.04113994
 0.01823751 0.02263116 0.01395727 0.0110575  0.00604742 0.0180651
 0.02870131 0.02756835 0.26081526 0.15926134 0.19519311 0.16276344
 0.03748312 0.06191461 0.03159712 0.02100251 0.00901355 0.06318144
 0.01555965 0.02314299 0.00810408 0.002697   0.00294897 0.00137926
 0.00216589 0.00160281 0.00111917 0.0212218  0.64773744 0.5810855
 0.30634731 0.19011133 0.07278045 0.03431216 0.05445225 0.01838516
 0.00663519 0.00885017 0.00535767 0.00310596]
 History train acc: 
[0.46226416 0.49056605 0.58490567 0.40566039 0.46226416 0.5283019
 0.51886794 0.49056604 0.54716983 0.53773586 0.54716982 0.62264152
 0.55660379 0.62264152 0.64150945 0.68867926 0.72641511 0.65094341
 0.66037737 0.65094341 0.72641511 0.83018869 0.8018868  0.76415096
 0.8018868  0.75471699 0.78301888 0.65094341 0.75471699 0.70754718
 0.75471699 0.79245284 0.79245284 0.91509434 0.86792454 0.94339623
 0.91509434 0.86792454 0.96226415 0.97169811 0.95283019 0.99056604
 0.99056604 0.99056604 0.96226415 0.68867926 0.71698115 0.63207548
 0.77358492 0.86792453 0.90566038 0.81132076 0.85849057 0.96226415
 0.90566038 0.97169811 1.         0.99056604 0.95283019 0.99056604
 1.         0.99056604 1.         1.         1.         0.99056604
 0.99056604 0.99056604 0.88679246 0.95283019 0.92452831 0.93396227
 1.         0.97169811 1.         1.         1.         0.98113208
 1.         0.99056604 1.         1.         1.         1.
 1.         1.         1.         0.99056604 0.83018869 0.76415095
 0.85849057 0.93396227 0.96226415 1.         0.98113208 1.
 1.         1.         1.         1.        ]
 History test loss: 
[7.43912073 4.95025881 1.10090738 0.72773589 0.852974   0.9462936
 5.94907852 1.89781746 1.84654635 0.89181397 0.91278194 2.53208291
 1.14406029 1.31569979 0.9278012  1.2340596  0.97141585 1.25660719
 2.00904223 1.18935579 1.93196056 1.51772548 1.68387794 1.6015854
 1.48092398 5.282322   2.02537409 1.93104846 1.92083209 2.41181374
 2.11671363 1.73312505 3.23012666 4.17171482 1.8548516  1.88826141
 3.576545   3.5223544  2.32117437 3.7196816  2.36824631 2.69903108
 2.25831103 1.44600769 2.11390924 5.50791421 2.40140174 2.17084853
 1.48089154 1.39060633 1.43953384 1.28089109 1.65647386 1.20410581
 2.17193151 1.65220207 1.85710945 1.544071   1.66920376 1.81279574
 1.58649455 1.76972845 1.73803417 1.54112846 1.71702474 2.31510485
 1.55173229 1.80506434 2.80818063 3.7662543  3.38675997 3.85470711
 3.28297563 2.98558914 3.45516915 2.81929465 2.87609181 2.23174344
 2.13911587 1.89104863 1.94165391 2.04715367 1.96275191 1.93663963
 1.96015391 1.93557991 1.94564126 3.12287686 1.19783993 3.99295752
 1.64243755 3.11679002 2.22083768 1.7639025  2.33859232 1.9546027
 1.89591353 1.99265852 2.34288681 2.48900121]
 History test loss: 
[0.53846156 0.53846155 0.53846156 0.69230771 0.53846156 0.38461539
 0.46153847 0.3846154  0.53846156 0.46153847 0.30769231 0.53846156
 0.53846155 0.3846154  0.46153848 0.46153848 0.3846154  0.38461539
 0.53846156 0.46153848 0.53846156 0.46153848 0.38461539 0.3846154
 0.53846155 0.46153848 0.46153847 0.61538463 0.53846156 0.53846156
 0.53846155 0.53846155 0.46153848 0.53846156 0.61538463 0.53846155
 0.46153847 0.53846156 0.53846155 0.53846155 0.46153848 0.61538463
 0.53846155 0.61538463 0.61538463 0.61538464 0.46153848 0.30769232
 0.38461539 0.46153847 0.53846155 0.46153848 0.53846155 0.46153848
 0.61538463 0.53846155 0.53846155 0.46153848 0.3846154  0.3846154
 0.3846154  0.3846154  0.3846154  0.46153847 0.46153847 0.53846155
 0.53846155 0.46153847 0.61538463 0.53846155 0.61538463 0.53846156
 0.46153848 0.61538463 0.46153847 0.46153847 0.46153847 0.46153847
 0.46153848 0.53846155 0.61538463 0.61538463 0.61538463 0.53846155
 0.53846155 0.53846155 0.53846155 0.53846155 0.61538463 0.61538464
 0.46153848 0.61538463 0.53846155 0.46153848 0.53846156 0.61538463
 0.53846155 0.53846155 0.53846155 0.53846155]
Train Loss: 0.3041962554513813
Train Acc: 0.8459434018565237
Test Loss: min: 0.7277358862069937 mean: 2.234650651583305
Test Acc: max: 0.692307710647583 mean: 0.5076923207594799
######################################################
 History train loss: 
[8.40352086e-01 8.23444865e-01 7.25831799e-01 7.17406785e-01
 7.84815291e-01 7.57675053e-01 7.95869932e-01 6.80615971e-01
 7.29872923e-01 6.82558719e-01 6.36428259e-01 5.99154177e-01
 5.03046219e-01 6.28664699e-01 4.70464433e-01 3.92147671e-01
 3.41391743e-01 2.89338835e-01 2.56888594e-01 2.29627942e-01
 1.56256119e-01 1.52510479e-01 3.04474630e-01 6.50074129e-01
 6.69222656e-01 4.87587438e-01 2.78442488e-01 2.23271882e-01
 1.02171326e-01 4.25563806e-02 1.91667717e-02 1.03954438e-02
 6.90867972e-03 5.60986575e-03 3.70221440e-03 4.09478728e-03
 2.33244837e-03 8.71456591e-03 6.78154574e-02 1.71339328e-01
 4.10416239e-01 3.21680014e-01 2.22199098e-01 7.52333093e-01
 2.60289745e-01 5.79742697e-02 9.36465878e-02 5.75195957e-02
 1.40690674e-02 6.42545600e-03 6.19486069e-03 4.08258562e-03
 3.62179278e-03 3.21938009e-03 2.57342634e-03 2.34999933e-03
 2.19241890e-03 1.96506290e-03 1.86405784e-03 2.01912314e-03
 1.61562578e-03 1.98542491e-03 1.39471494e-03 1.37531186e-03
 1.64512547e-03 1.19176973e-03 1.05288591e-03 1.04153395e-03
 8.91105868e-04 8.21998133e-04 8.03182985e-04 8.17042718e-04
 7.13051989e-04 8.72838028e-04 9.97876824e-04 8.64088682e-04
 7.14318713e-04 7.30787768e-04 5.91439297e-04 5.56214836e-04
 7.05524431e-04 6.15972931e-04 6.17296649e-04 5.72366478e-04
 6.83103234e-04 6.68368617e-04 6.32024201e-04 5.57552988e-04
 4.56901391e-04 5.01927628e-04 4.16352701e-04 3.64259778e-04
 3.85172026e-04 3.59102651e-04 3.02684709e-04 4.58987235e-04
 3.67110822e-04 3.49909588e-04 3.09241248e-04 4.15803029e-04]
 History train acc: 
[0.47169812 0.50943397 0.59433964 0.59433964 0.50943397 0.54716982
 0.50943397 0.6037736  0.58490567 0.58490567 0.70754718 0.6792453
 0.78301888 0.66981133 0.84905661 0.82075473 0.88679246 0.90566038
 0.89622642 0.92452831 0.95283019 0.94339623 0.84905661 0.77358492
 0.73584907 0.78301888 0.89622642 0.88679246 0.97169811 1.
 1.         1.         1.         1.         1.         1.
 1.         1.         0.97169811 0.93396227 0.82075472 0.85849057
 0.88679246 0.74528303 0.88679246 0.99056604 0.96226415 0.99056604
 1.         1.         1.         1.         1.         1.
 1.         1.         1.         1.         1.         1.
 1.         1.         1.         1.         1.         1.
 1.         1.         1.         1.         1.         1.
 1.         1.         1.         1.         1.         1.
 1.         1.         1.         1.         1.         1.
 1.         1.         1.         1.         1.         1.
 1.         1.         1.         1.         1.         1.
 1.         1.         1.         1.        ]
 History test loss: 
[0.99273247 4.55417351 5.23724769 4.82991134 1.20255174 2.02473072
 0.62979342 2.25561963 1.53029324 4.83659178 0.94333579 1.27000422
 1.38646603 1.46154146 1.73816212 1.64599958 2.04910046 2.50620574
 2.30957563 2.7276984  2.40440644 2.82837436 3.54478864 2.85507844
 7.05057507 3.34195907 3.88414424 2.7730464  3.39366775 3.27054888
 3.42559404 2.99391224 3.16120207 3.17969391 3.24756331 3.33435625
 3.44705369 3.80071493 3.57577969 3.48080777 4.41483532 6.53613408
 6.45676099 5.32639863 5.73659614 4.65396082 4.75587997 4.44196994
 4.28553918 4.26036425 4.30014787 4.3570162  4.3208296  4.24724472
 4.27875274 4.24422908 4.29384947 4.32532148 4.25666925 4.25256359
 4.31482671 4.36341252 4.39213562 4.39369682 4.34188116 4.46093061
 4.45574719 4.50095232 4.51381339 4.53887669 4.56516214 4.54885486
 4.57225469 4.57242866 4.56838532 4.62606845 4.62282397 4.61957025
 4.63093978 4.60448269 4.64903149 4.65706302 4.70473035 4.7470133
 4.70460132 4.68656779 4.74908719 4.73038742 4.72195655 4.78656747
 4.78642596 4.76930682 4.77540798 4.76026299 4.76760508 4.81638498
 4.80823784 4.80962662 4.78755785 4.73790415]
 History test loss: 
[0.53846154 0.53846156 0.53846156 0.53846156 0.61538463 0.53846155
 0.61538463 0.53846155 0.46153847 0.53846156 0.61538463 0.30769231
 0.30769231 0.61538463 0.38461539 0.53846154 0.46153846 0.46153847
 0.38461539 0.46153848 0.46153848 0.69230771 0.69230771 0.53846155
 0.46153848 0.61538463 0.46153846 0.53846154 0.46153848 0.53846156
 0.61538464 0.61538464 0.53846156 0.46153848 0.46153848 0.53846156
 0.46153848 0.46153848 0.38461539 0.3846154  0.46153848 0.46153848
 0.46153848 0.53846155 0.38461539 0.46153847 0.38461539 0.53846155
 0.53846155 0.53846155 0.53846155 0.53846155 0.53846155 0.61538464
 0.61538464 0.61538464 0.61538464 0.61538464 0.53846155 0.53846155
 0.53846155 0.53846155 0.53846155 0.53846155 0.53846155 0.53846155
 0.53846155 0.53846155 0.53846155 0.53846155 0.53846155 0.53846155
 0.53846155 0.53846155 0.53846155 0.53846155 0.53846155 0.53846155
 0.53846155 0.53846155 0.53846155 0.53846155 0.53846155 0.53846155
 0.53846155 0.53846155 0.53846155 0.46153847 0.53846155 0.53846155
 0.53846155 0.53846155 0.53846155 0.46153847 0.53846155 0.53846155
 0.53846155 0.53846155 0.53846155 0.46153847]
Train Loss: 0.17509294959581645
Train Acc: 0.9147169843203617
Test Loss: min: 0.6297934192877549 mean: 3.940330354542776
Test Acc: max: 0.692307710647583 mean: 0.5223077070827666
######################################################
 History train loss: 
[8.55654982e-01 7.91887096e-01 7.86007749e-01 8.40617369e-01
 7.70819933e-01 7.07440559e-01 7.81551932e-01 6.46330395e-01
 8.14404198e-01 6.97333824e-01 6.66151785e-01 6.15241770e-01
 7.53463990e-01 6.80577165e-01 5.84669935e-01 6.61185261e-01
 5.51172004e-01 4.64334462e-01 4.12579663e-01 3.91491471e-01
 3.06259865e-01 4.45522005e-01 2.70798717e-01 3.10621487e-01
 2.41387989e-01 2.85417876e-01 1.53062435e-01 8.55719192e-02
 6.92017668e-02 1.27137404e-01 2.28469078e-01 4.75794658e-01
 3.40764657e-01 2.22143508e-01 9.96996130e-02 5.37991474e-02
 3.80208144e-02 4.46262275e-02 3.55416408e-02 3.19407418e-02
 2.37212853e-02 1.49166796e-02 8.74653803e-02 6.06831915e-02
 6.37451826e-02 2.12951171e-01 2.63096075e-01 1.56824252e-01
 7.79510871e-02 6.45224259e-02 2.65921956e-02 4.98272379e-03
 8.32232949e-03 5.42942398e-03 1.98273930e-03 1.41887328e-03
 9.30236216e-04 1.26715623e-02 4.30090196e-03 3.42218145e-03
 5.32892319e-03 9.67081518e-04 1.05645587e-03 6.31035444e-04
 4.90558201e-04 4.02592886e-04 3.65767964e-04 5.47160008e-04
 5.08181833e-04 4.77095176e-04 3.14977997e-04 3.09861330e-04
 2.52345769e-04 4.85545127e-04 4.98675744e-03 3.19917129e-03
 4.52910111e-04 5.23893751e-04 8.72012457e-04 2.65486298e-04
 3.13080167e-04 2.24703922e-04 1.56078491e-04 1.72913408e-04
 2.32286959e-04 1.75405423e-04 1.85309666e-04 1.85700251e-04
 2.04292392e-04 1.18756246e-04 1.31658591e-04 1.13136745e-04
 1.41673211e-04 1.23164346e-04 2.71415214e-04 2.14387669e-04
 1.27785842e-04 1.48241603e-04 9.70294856e-05 2.75565333e-04]
 History train acc: 
[0.56074767 0.43925235 0.57009347 0.5140187  0.57943926 0.53271029
 0.53271029 0.61682245 0.53271029 0.62616824 0.62616824 0.66355142
 0.55140188 0.66355141 0.68224301 0.71962618 0.6915888  0.77570095
 0.8504673  0.8411215  0.87850468 0.82242991 0.90654206 0.8411215
 0.92523365 0.8504673  0.91588786 0.98130841 0.99065421 0.95327103
 0.87850468 0.83177571 0.83177571 0.89719627 0.97196262 1.
 0.99065421 1.         0.99065421 0.99065421 0.99065421 1.
 0.96261682 0.98130841 0.98130841 0.92523365 0.86915889 0.94392524
 0.94392524 0.97196262 0.99065421 1.         1.         1.
 1.         1.         1.         1.         1.         1.
 1.         1.         1.         1.         1.         1.
 1.         1.         1.         1.         1.         1.
 1.         1.         1.         1.         1.         1.
 1.         1.         1.         1.         1.         1.
 1.         1.         1.         1.         1.         1.
 1.         1.         1.         1.         1.         1.
 1.         1.         1.         1.        ]
 History test loss: 
[2.00941846 1.65642225 6.7158734  6.7158729  3.11430158 4.41553619
 4.00854194 4.95307259 3.65018061 3.19064254 1.88832833 3.06106478
 1.97095543 2.66123766 4.30760463 1.63794566 2.11916217 1.66787391
 1.46589936 1.13881102 1.61619519 1.46012684 2.00578143 1.532804
 2.75849649 3.20561934 3.66398166 3.79194627 3.041459   3.65463922
 3.68459313 2.28843672 6.26367197 6.05900494 5.93216379 4.70854829
 4.78229642 4.74518281 4.13502989 3.80684519 3.99062711 4.75059766
 4.22333203 4.9074617  4.78910404 6.49838491 3.69214308 3.58502835
 4.18305186 5.44312082 5.40720063 4.41661465 4.190781   4.20328041
 4.14999115 4.02901481 3.91336008 2.96679225 3.28498938 3.57707206
 3.71481597 3.63045347 3.72267568 3.79219854 3.81883446 3.84496985
 3.88509323 3.91270051 3.92573484 3.93452352 3.94025471 3.96216019
 3.97124116 3.94870849 3.71322258 3.70452036 3.92132511 3.92858809
 3.98896275 4.01481489 4.02082264 4.02648264 4.03696867 4.05117015
 4.05310853 4.08626183 4.08985146 4.11108317 4.1471072  4.15881952
 4.16778827 4.18541594 4.18059107 4.18910241 4.15268425 4.15797526
 4.18118658 4.20640008 4.20476454 4.27436805]
 History test loss: 
[0.58333334 0.58333334 0.58333334 0.58333334 0.5        0.58333334
 0.5        0.50000001 0.58333334 0.58333334 0.50000001 0.41666668
 0.41666668 0.41666667 0.50000001 0.41666668 0.41666668 0.41666668
 0.33333334 0.41666668 0.50000002 0.41666668 0.50000001 0.33333334
 0.41666668 0.41666668 0.41666668 0.50000001 0.33333334 0.41666668
 0.25       0.33333334 0.50000001 0.33333334 0.41666668 0.41666668
 0.41666668 0.33333334 0.50000002 0.41666668 0.41666668 0.41666668
 0.33333334 0.33333334 0.41666668 0.33333334 0.41666668 0.33333334
 0.41666668 0.50000001 0.33333334 0.41666668 0.33333334 0.41666668
 0.41666668 0.41666668 0.41666668 0.41666668 0.41666668 0.41666668
 0.41666668 0.41666668 0.41666668 0.41666668 0.41666668 0.41666668
 0.41666668 0.41666668 0.41666668 0.41666668 0.41666668 0.41666668
 0.41666668 0.41666668 0.41666668 0.41666668 0.41666668 0.41666668
 0.41666668 0.41666668 0.41666668 0.41666668 0.41666668 0.41666668
 0.41666668 0.41666668 0.41666668 0.41666668 0.41666668 0.41666668
 0.41666668 0.41666668 0.41666668 0.41666668 0.41666668 0.41666668
 0.41666668 0.41666668 0.41666668 0.41666668]
Train Loss: 0.1846067738683724
Train Acc: 0.9057943959255642
Test Loss: min: 1.1388110170761745 mean: 3.816452666928216
Test Acc: max: 0.5833333395421505 mean: 0.4258333445216219
######################################################
 History train loss: 
[8.20557321e-01 7.67824846e-01 6.85568979e-01 7.77865437e-01
 6.96258037e-01 6.71832689e-01 8.60752093e-01 6.74051521e-01
 7.14917935e-01 7.44539939e-01 6.91628265e-01 6.50222905e-01
 5.56352513e-01 6.73634914e-01 5.84658860e-01 5.52287587e-01
 4.92377622e-01 4.12046552e-01 4.68955982e-01 5.38135030e-01
 3.78827020e-01 3.73624753e-01 2.55377529e-01 1.83085865e-01
 1.84396632e-01 8.62864310e-02 1.18724411e-01 1.29470958e-01
 1.34444344e-01 5.93570476e-02 2.49118153e-02 5.50888807e-03
 3.02772154e-03 3.30093804e-03 1.78327548e-03 1.51507818e-03
 1.46277616e-03 1.29517210e-03 1.16102250e-03 1.01955408e-03
 8.71636027e-04 8.41155113e-04 7.85251761e-04 6.43304870e-04
 7.05309616e-04 7.24331272e-04 5.63808981e-04 4.97163861e-04
 4.49338349e-04 4.98284125e-04 1.60999013e-03 6.55040325e-04
 5.32769511e-04 3.92352939e-04 3.79162713e-04 3.53671207e-04
 3.13562246e-04 2.76161460e-04 4.40205169e-04 3.14570854e-04
 3.13487371e-04 2.39782044e-04 2.67733326e-04 2.62984525e-04
 2.29268645e-04 2.19193928e-04 2.00697368e-04 2.13574193e-04
 1.79523705e-04 1.92535846e-04 1.84925583e-04 1.75643660e-04
 1.68945620e-04 1.60041281e-04 1.42606835e-04 1.33684429e-04
 1.51412016e-04 1.86417228e-04 1.58949410e-04 1.32012921e-04
 1.37175044e-04 2.08118252e-04 1.31114874e-04 1.58989367e-04
 1.63137286e-04 1.37656560e-04 1.17752072e-04 1.03570972e-04
 1.09018957e-04 1.11571066e-04 1.06743700e-04 9.35254534e-05
 9.41392359e-05 1.27679075e-04 9.93295627e-04 6.18162884e-03
 4.46351414e-03 3.37328919e-03 1.30034317e-03 2.27344444e-04]
 History train acc: 
[0.57009347 0.5140187  0.60747665 0.50467291 0.57943926 0.60747665
 0.54205609 0.61682244 0.62616824 0.5140187  0.58878506 0.66355141
 0.72897198 0.682243   0.66355142 0.71962618 0.75700935 0.79439254
 0.79439253 0.72897197 0.86915889 0.81308412 0.90654206 0.92523365
 0.93457944 0.98130841 0.94392524 0.95327103 0.95327103 0.99065421
 1.         1.         1.         1.         1.         1.
 1.         1.         1.         1.         1.         1.
 1.         1.         1.         1.         1.         1.
 1.         1.         1.         1.         1.         1.
 1.         1.         1.         1.         1.         1.
 1.         1.         1.         1.         1.         1.
 1.         1.         1.         1.         1.         1.
 1.         1.         1.         1.         1.         1.
 1.         1.         1.         1.         1.         1.
 1.         1.         1.         1.         1.         1.
 1.         1.         1.         1.         1.         1.
 1.         1.         1.         1.        ]
 History test loss: 
[6.71587312 1.44574445 1.91351026 1.83738918 1.1638027  1.02602986
 2.20800559 1.22531404 1.17231853 3.17413875 1.53867235 1.11670355
 1.44649032 1.18899512 2.77665633 1.08899454 1.33901178 1.08686216
 1.27865924 1.08762895 1.6867046  1.32935619 1.34288607 0.90671495
 1.42793215 1.04240848 0.98056042 1.62071994 1.71990007 2.5383448
 1.45029806 1.33292475 1.24560755 1.24796394 1.24521675 1.18853641
 1.15786767 1.14072428 1.14108864 1.12144587 1.08106916 1.10286124
 1.10400632 1.09184135 1.09382669 1.095161   1.08946389 1.06898298
 1.06592219 1.07200862 1.21070461 1.17987216 1.15358723 1.14431285
 1.14268588 1.15153551 1.15595143 1.16191424 1.17456852 1.19622747
 1.19736892 1.20193683 1.20667473 1.20743893 1.20601175 1.21182863
 1.22106084 1.22959603 1.23065322 1.23769261 1.23635666 1.246638
 1.25332295 1.24926278 1.25222031 1.25757441 1.25167588 1.24950953
 1.2478353  1.25432488 1.25619276 1.25636936 1.21743245 1.2153942
 1.21975498 1.23257534 1.23705287 1.2424469  1.25355721 1.25800411
 1.26576909 1.26343242 1.266093   1.27484263 1.29214628 1.47843765
 1.68522655 1.50068176 1.48697244 1.60166673]
 History test loss: 
[0.58333334 0.58333335 0.58333334 0.41666668 0.58333334 0.58333334
 0.50000001 0.66666667 0.58333335 0.58333334 0.41666668 0.66666669
 0.50000001 0.33333334 0.50000001 0.50000001 0.41666667 0.50000001
 0.66666667 0.58333335 0.41666668 0.41666668 0.50000001 0.58333335
 0.41666667 0.33333334 0.41666667 0.58333335 0.50000001 0.41666668
 0.66666668 0.66666668 0.66666668 0.58333335 0.58333335 0.58333335
 0.58333335 0.58333335 0.58333335 0.58333335 0.58333335 0.58333335
 0.58333335 0.58333335 0.58333335 0.58333335 0.58333335 0.58333335
 0.58333335 0.58333335 0.58333335 0.58333335 0.58333335 0.58333335
 0.58333335 0.58333335 0.58333335 0.58333335 0.58333335 0.58333335
 0.58333335 0.58333335 0.58333335 0.58333335 0.58333335 0.58333335
 0.58333335 0.58333335 0.58333335 0.58333335 0.58333335 0.58333335
 0.58333335 0.58333335 0.58333335 0.58333335 0.58333335 0.58333335
 0.58333335 0.58333335 0.58333335 0.58333335 0.58333335 0.58333335
 0.58333335 0.58333335 0.58333335 0.58333335 0.58333335 0.58333335
 0.58333335 0.58333335 0.58333335 0.58333335 0.58333335 0.50000002
 0.58333334 0.50000001 0.58333335 0.58333335]
Train Loss: 0.1501715035709986
Train Acc: 0.9207476663255246
Test Loss: min: 0.9067149509986242 mean: 1.3638753763865683
Test Acc: max: 0.6666666865348816 mean: 0.5625000167389712
######################################################
 History train loss: 
[8.33013717e-01 7.43624230e-01 8.34954006e-01 8.45080233e-01
 7.03856558e-01 6.81924169e-01 6.80806407e-01 7.57525296e-01
 7.97455655e-01 9.32526886e-01 8.40487346e-01 9.37819349e-01
 8.61351948e-01 7.70331149e-01 6.93895993e-01 7.90932537e-01
 6.40437150e-01 6.02517263e-01 5.47994763e-01 6.06279154e-01
 6.93691244e-01 6.74436953e-01 5.45969835e-01 5.70305046e-01
 4.56439178e-01 6.13010750e-01 4.68734772e-01 4.09504159e-01
 4.27715695e-01 3.47445904e-01 2.92664183e-01 2.77718290e-01
 2.63978292e-01 1.61631102e-01 1.91724005e-01 1.20839936e-01
 3.01788469e-01 2.47154681e-01 4.16187982e-01 1.89405018e-01
 1.61012252e-01 8.99570906e-02 5.88579951e-02 2.78107449e-02
 1.66979114e-02 8.18847499e-03 4.82174080e-03 2.70094941e-02
 3.06719412e-01 2.95918208e-01 1.58316463e-01 6.88383802e-02
 7.89192765e-02 6.66806653e-02 4.12972633e-02 3.43380054e-02
 3.79090252e-01 4.12994780e-01 7.10818410e-02 7.99770675e-02
 2.79411377e-02 1.88264171e-02 8.49529874e-03 5.39284401e-03
 5.89053434e-03 4.78290134e-03 3.12791250e-03 4.06069119e-03
 3.25080529e-03 2.84946973e-03 2.91609026e-03 1.75473644e-03
 1.68532956e-03 1.66712466e-03 1.63640971e-03 1.55667072e-03
 1.48171114e-03 1.57344924e-03 1.98292959e-03 3.15034476e-03
 1.73479730e-03 1.37688005e-02 2.81577620e-03 2.16558749e-03
 2.59245531e-03 1.12306941e-03 6.45089249e-04 2.48322020e-03
 4.65896627e-03 6.52077796e-04 1.86769104e-03 3.07015642e-03
 1.80834624e-03 7.75579011e-04 4.14693907e-04 4.01545994e-04
 3.89687991e-04 2.85543434e-04 3.38557478e-04 2.33890517e-04]
 History train acc: 
[0.47663552 0.57943926 0.49532711 0.54205609 0.59813085 0.59813085
 0.60747665 0.57009347 0.59813085 0.55140188 0.57009347 0.49532711
 0.53271029 0.43925235 0.5233645  0.50467291 0.67289721 0.67289721
 0.70093459 0.71962618 0.65420562 0.57943926 0.71028038 0.67289721
 0.79439253 0.74766356 0.75700936 0.80373833 0.77570095 0.83177571
 0.87850468 0.8504673  0.91588785 0.94392524 0.92523365 0.96261682
 0.8411215  0.92523365 0.82242992 0.92523365 0.96261682 0.96261682
 0.98130841 1.         1.         1.         1.         0.99065421
 0.8411215  0.89719627 0.93457944 0.96261682 0.96261682 0.97196262
 0.98130841 0.98130841 0.8504673  0.86915889 0.99065421 0.97196262
 1.         1.         1.         1.         1.         1.
 1.         1.         1.         1.         1.         1.
 1.         1.         1.         1.         1.         1.
 1.         1.         1.         0.99065421 1.         1.
 1.         1.         1.         1.         1.         1.
 1.         1.         1.         1.         1.         1.
 1.         1.         1.         1.        ]
 History test loss: 
[4.48734722 2.70139037 2.7407103  1.84474038 4.22512455 7.99597307
 1.74378113 1.20528708 1.40731313 5.61689437 6.91372756 1.51317956
 0.76174644 1.68843947 2.05660628 1.10955366 0.67139835 0.63652233
 0.59920847 0.95466694 1.99141443 1.08017017 0.42861589 1.00432683
 0.27875769 2.81405291 0.77268836 2.22069755 1.70106922 1.40494919
 1.8147951  2.91282529 0.77362967 1.10362192 1.04496378 1.30205376
 1.68300165 1.81581425 2.06615499 1.67765727 0.88509356 0.89555555
 1.33788419 2.00133373 2.08483685 2.19536218 2.24267899 2.00059988
 1.68936985 0.70775024 1.67070695 1.37436857 1.75223296 2.31519253
 1.68730221 2.16376179 2.70698808 1.85594768 1.88989363 2.09830849
 2.00527983 1.70462927 1.7054097  1.74738693 1.92027893 1.99232528
 2.05253688 2.07919132 1.96844557 2.03036013 2.11583422 2.14052985
 2.15226956 2.17846235 2.16754534 2.16027231 2.19630468 2.25879134
 2.30262913 2.54458924 2.58133882 2.70583148 2.68205705 2.75780225
 2.63851197 2.68322159 2.78852784 2.66575328 2.59724268 2.93839453
 2.77301612 3.08601395 2.92021215 2.93984487 2.98020571 3.01918024
 3.0474439  3.0531121  3.07960062 3.07925406]
 History test loss: 
[0.41666668 0.33333334 0.58333334 0.58333334 0.66666667 0.41666667
 0.33333334 0.58333334 0.33333334 0.58333334 0.41666667 0.25000001
 0.58333334 0.50000001 0.58333334 0.41666668 0.83333334 0.50000001
 0.83333334 0.66666669 0.50000001 0.58333335 0.75000001 0.66666667
 0.91666667 0.41666667 0.66666669 0.50000001 0.58333335 0.66666667
 0.58333334 0.66666667 0.75000001 0.66666669 0.66666667 0.58333335
 0.66666667 0.75000001 0.58333335 0.83333334 0.66666669 0.66666669
 0.66666667 0.58333335 0.50000001 0.50000001 0.50000001 0.50000001
 0.75000001 0.66666669 0.66666669 0.58333335 0.66666669 0.58333335
 0.58333335 0.66666667 0.50000001 0.66666669 0.58333335 0.58333335
 0.58333335 0.58333335 0.58333335 0.58333335 0.58333335 0.58333335
 0.58333335 0.58333335 0.58333335 0.58333335 0.58333335 0.58333335
 0.58333335 0.58333335 0.58333335 0.58333335 0.58333335 0.50000001
 0.58333335 0.50000001 0.58333335 0.58333335 0.50000001 0.50000001
 0.58333335 0.58333335 0.50000001 0.58333335 0.41666668 0.41666668
 0.41666668 0.41666668 0.41666668 0.50000001 0.50000001 0.50000001
 0.50000001 0.50000001 0.50000001 0.50000001]
Train Loss: 0.25307934964247886
Train Acc: 0.8686915931704445
Test Loss: min: 0.2787576863289966 mean: 2.147596755799543
Test Acc: max: 0.9166666716337204 mean: 0.5700000115732353
######################################################