
 History train loss: 
[9.95474849e-01 8.00629418e-01 9.26489533e-01 8.01739385e-01
 7.30722296e-01 7.02491673e-01 7.09552015e-01 9.69044005e-01
 8.68991378e-01 7.98754531e-01 6.80474538e-01 6.90867746e-01
 6.80880927e-01 6.70799939e-01 7.69735039e-01 6.98254755e-01
 5.30990076e-01 5.08238524e-01 6.39013736e-01 6.03034666e-01
 6.17386377e-01 4.74776668e-01 6.44705570e-01 6.22190739e-01
 5.82567698e-01 5.25097324e-01 6.75806586e-01 5.12797051e-01
 3.62814126e-01 3.94623032e-01 4.23810960e-01 2.59374379e-01
 3.02467624e-01 4.67943853e-01 2.89404449e-01 5.15081258e-01
 3.90130005e-01 1.68215042e-01 1.73186220e-01 1.55923360e-01
 1.22509919e-01 6.51670757e-02 3.39902109e-02 1.89545386e-02
 1.86077024e-02 9.87696753e-03 1.06225538e-01 1.25361360e-01
 1.07652945e-01 1.94124881e-01 1.62518191e-01 5.46083495e-01
 4.59025256e-01 2.54270443e-01 1.08088217e-01 1.55910673e-01
 6.44560014e-02 5.88561382e-02 2.09107023e-02 4.25689517e-02
 3.43337753e-03 2.85338655e-03 3.40448429e-03 3.14949373e-03
 2.15406449e-03 2.13794585e-03 1.29574259e-03 1.69366648e-03
 1.04068982e-03 1.17180199e-03 7.39843426e-04 1.42183777e-03
 1.49396403e-03 8.20937866e-04 9.29600510e-04 6.13474882e-04
 5.93447675e-04 6.85434538e-04 8.12590870e-04 1.19781670e-03
 6.33357621e-04 7.91549059e-04 5.55772811e-04 1.09558526e-03
 4.40059709e-04 5.10266151e-04 3.98365755e-04 4.75556491e-04
 4.30834990e-04 4.05467565e-04 3.29773892e-04 4.63432652e-04
 3.72677573e-04 3.65929672e-04 6.51000197e-04 7.34816738e-04
 3.36878479e-04 5.12659903e-04 2.63745433e-04 2.67563822e-04]
 History train acc: 
[0.4528302  0.58490567 0.49056605 0.49056605 0.56603775 0.61320756
 0.64150945 0.55660379 0.48113209 0.51886793 0.61320756 0.56603775
 0.55660379 0.62264152 0.54716982 0.64150944 0.70754718 0.76415095
 0.57547171 0.69811322 0.65094341 0.74528303 0.68867926 0.66037737
 0.68867926 0.754717   0.66981133 0.76415095 0.83018869 0.82075472
 0.78301888 0.88679246 0.85849057 0.81132076 0.92452831 0.8018868
 0.84905661 0.92452831 0.93396227 0.94339623 0.95283019 0.98113208
 0.99056604 0.99056604 1.         1.         0.96226415 0.96226415
 0.95283019 0.94339623 0.93396227 0.82075472 0.8018868  0.90566038
 0.95283019 0.91509434 0.98113208 0.98113208 1.         0.99056604
 1.         1.         1.         1.         1.         1.
 1.         1.         1.         1.         1.         1.
 1.         1.         1.         1.         1.         1.
 1.         1.         1.         1.         1.         1.
 1.         1.         1.         1.         1.         1.
 1.         1.         1.         1.         1.         1.
 1.         1.         1.         1.        ]
 History test loss: 
[7.43912073 7.73431499 7.71115908 5.17563519 2.70479724 2.13306892
 0.89988385 0.73409561 0.74310192 1.1102122  1.02386671 0.75948899
 0.94457795 0.84261788 1.3141231  1.16519996 1.05361387 0.87564696
 2.24673109 2.26821792 2.33095296 2.23732836 5.93933535 1.99813621
 1.03947547 1.09152843 1.24050678 2.55455083 1.76041076 2.871941
 2.30197139 2.95030905 2.4915515  3.75046082 3.46115318 2.1512107
 2.39683277 2.26237723 2.31101143 2.0544717  2.63411882 2.23921219
 2.08510141 2.72114228 2.329115   2.70979561 2.09567486 2.10014556
 4.35488387 3.3639584  3.37831858 2.82059382 4.66757241 4.54510554
 5.69425013 2.81235293 3.52165853 3.47784162 4.30504232 2.84210435
 4.09621033 4.15667572 4.19877137 4.16927325 4.22212993 4.07901333
 4.07466355 4.07471105 4.2269781  4.25923203 4.27390827 4.18529479
 4.16723671 4.10946969 4.20968593 4.25378451 4.30452112 4.35089847
 4.19088989 4.36560957 4.52384571 4.6089974  4.5787565  4.53193182
 4.4614678  4.38519505 4.38375335 4.38556647 4.41974799 4.37910559
 4.47483325 4.5317741  4.50930399 4.5261709  4.35534683 4.13433453
 4.18847216 4.32211056 4.41441668 4.45749527]
 History test loss: 
[0.53846156 0.3846154  0.46153847 0.46153848 0.46153848 0.46153848
 0.3846154  0.53846154 0.46153848 0.53846156 0.46153847 0.38461539
 0.53846156 0.46153848 0.53846156 0.30769231 0.30769231 0.46153848
 0.46153848 0.46153846 0.53846155 0.53846154 0.53846156 0.53846155
 0.53846155 0.61538463 0.46153848 0.46153848 0.53846156 0.3846154
 0.3846154  0.61538463 0.53846155 0.30769232 0.46153847 0.46153848
 0.30769232 0.46153847 0.46153848 0.53846155 0.53846155 0.53846155
 0.46153847 0.46153847 0.46153847 0.46153847 0.46153848 0.30769232
 0.3846154  0.30769232 0.46153848 0.53846155 0.3846154  0.23076924
 0.30769232 0.30769232 0.23076924 0.3846154  0.3846154  0.3846154
 0.3846154  0.3846154  0.3846154  0.3846154  0.3846154  0.3846154
 0.3846154  0.3846154  0.3846154  0.3846154  0.3846154  0.3846154
 0.3846154  0.3846154  0.3846154  0.3846154  0.30769232 0.3846154
 0.3846154  0.30769232 0.30769232 0.30769232 0.30769232 0.3846154
 0.3846154  0.3846154  0.3846154  0.3846154  0.3846154  0.3846154
 0.3846154  0.3846154  0.3846154  0.3846154  0.3846154  0.3846154
 0.3846154  0.3846154  0.3846154  0.3846154 ]
Train Loss: 0.2605131945391429
Train Acc: 0.866981136772149
Test Loss: min: 0.734095614690047 mean: 3.3531456189602604
Test Acc: max: 0.6153846314320197 mean: 0.41769231988833494
######################################################
 History train loss: 
[0.89245381 0.81962028 0.81940582 0.75912367 0.84915108 0.69887024
 0.83959211 0.71827207 0.74718057 0.65210103 0.59193989 0.62854467
 0.60577509 0.60308861 0.52976405 0.49289489 0.46256572 0.3540731
 0.46208986 0.38742891 0.62270714 0.58108923 0.41704364 0.28768986
 0.48448026 0.78605985 0.47221112 0.50989503 0.363585   0.24543258
 0.25427739 0.22147644 0.21076279 0.15612861 0.21394033 0.15899865
 0.14856786 0.18048471 0.07873527 0.09745854 0.08911921 0.06794275
 0.09956    0.17196909 0.05655092 0.0407028  0.04475289 0.02616608
 0.02212881 0.01356654 0.0127031  0.00584362 0.01488624 0.00421167
 0.00470152 0.0020694  0.00213223 0.00231434 0.00126884 0.00219389
 0.00684981 0.40882746 0.76940963 0.50083469 1.0975557  0.44528402
 0.19979665 0.13820321 0.11688737 0.10220891 0.06044111 0.03570523
 0.01701294 0.03733466 0.01093558 0.00759361 0.0629087  0.18755228
 0.4919596  0.22991777 0.0781284  0.11172162 0.03544926 0.01000804
 0.01474609 0.0156663  0.00912046 0.00744033 0.00438253 0.00562372
 0.00276138 0.00247317 0.00275468 0.00191039 0.00351036 0.0030299
 0.00172859 0.00202663 0.00121302 0.00168911]
 History train acc: 
[0.50000001 0.58490567 0.53773586 0.5283019  0.50000001 0.58490567
 0.56603775 0.53773586 0.54716982 0.69811322 0.66981134 0.65094341
 0.69811322 0.69811322 0.74528303 0.77358492 0.79245284 0.84905661
 0.79245284 0.79245284 0.68867925 0.73584907 0.79245284 0.86792454
 0.79245284 0.66037737 0.77358492 0.77358492 0.82075473 0.91509434
 0.94339623 0.8773585  0.90566038 0.92452831 0.90566038 0.90566038
 0.96226415 0.93396227 0.98113208 0.96226415 0.96226415 0.98113208
 0.93396227 0.95283019 0.97169811 0.99056604 0.98113208 1.
 1.         1.         0.99056604 1.         0.99056604 1.
 1.         1.         1.         1.         1.         1.
 1.         0.86792454 0.70754718 0.79245284 0.61320756 0.86792454
 0.91509434 0.96226415 0.97169811 0.95283019 0.97169811 0.99056604
 1.         0.99056604 1.         1.         0.96226415 0.96226415
 0.88679246 0.90566038 0.96226415 0.97169811 0.99056604 1.
 1.         0.99056604 1.         1.         1.         1.
 1.         1.         1.         1.         1.         1.
 1.         1.         1.         1.        ]
 History test loss: 
[7.43912112 4.7881128  5.24056442 7.05912446 2.60149368 4.42697104
 1.41044201 1.55314906 3.52070623 1.77196404 4.87162425 3.30674792
 7.07919196 1.59762028 1.54418946 3.49573089 1.66732901 3.29007081
 2.29666094 2.15156076 4.21107216 5.46063002 3.01636367 6.67920926
 2.70662022 4.88073642 5.55159473 2.85234855 5.85466736 3.41857299
 5.12503472 3.97581852 2.67880123 3.93922631 2.85947368 2.3783507
 1.58767076 1.60300022 4.43527147 2.57450725 2.01092564 4.66518069
 3.27617006 4.63097302 2.59348389 2.61518832 2.39431315 2.92889704
 4.03026161 3.54341346 3.23087929 3.48037107 3.25447262 3.21087388
 3.20211977 3.12009897 3.21079186 3.48721526 3.6040803  3.59602639
 3.64848576 7.40187539 7.892416   6.27052794 7.96170917 5.46959658
 3.69481593 3.54764375 2.49854597 2.20217038 2.06834447 1.72730022
 2.55179998 2.34580461 2.00761755 1.87644023 3.77440648 1.59228661
 4.30198372 2.77647084 3.03164266 3.29513129 2.23887578 1.73869543
 2.08688169 2.0375688  1.94405226 1.8040541  1.72507707 1.91571251
 1.96831762 1.99369377 1.97252015 1.96105888 1.98873006 1.95111106
 1.94930505 2.00261393 2.02086658 2.03055046]
 History test loss: 
[0.53846154 0.61538463 0.53846155 0.53846154 0.53846154 0.53846154
 0.61538463 0.46153848 0.23076924 0.53846155 0.53846154 0.53846155
 0.53846154 0.53846156 0.46153846 0.46153846 0.46153848 0.46153846
 0.30769231 0.38461539 0.46153847 0.53846154 0.53846155 0.53846154
 0.46153847 0.38461539 0.53846154 0.53846154 0.53846154 0.38461539
 0.30769231 0.30769231 0.38461539 0.30769232 0.46153848 0.38461539
 0.46153847 0.53846154 0.46153846 0.46153847 0.46153846 0.23076924
 0.46153848 0.46153847 0.46153848 0.38461539 0.53846155 0.46153846
 0.38461539 0.46153846 0.38461539 0.38461539 0.46153846 0.38461539
 0.46153846 0.46153846 0.46153846 0.46153846 0.46153846 0.46153846
 0.46153847 0.3846154  0.38461539 0.30769231 0.46153847 0.61538462
 0.53846155 0.61538463 0.3846154  0.61538462 0.61538463 0.61538462
 0.61538463 0.46153847 0.46153847 0.53846155 0.53846154 0.53846156
 0.46153847 0.53846155 0.46153846 0.61538463 0.53846155 0.61538463
 0.46153848 0.38461539 0.38461539 0.46153848 0.46153848 0.38461539
 0.38461539 0.38461539 0.46153848 0.38461539 0.46153848 0.46153848
 0.46153848 0.46153848 0.46153848 0.46153848]
Train Loss: 0.25332346627901503
Train Acc: 0.8816037783687406
Test Loss: min: 1.410442013006944 mean: 3.3025378239683225
Test Acc: max: 0.6153846268470471 mean: 0.4684615468749632
######################################################
 History train loss: 
[8.38613072e-01 1.05961246e+00 8.96765254e-01 8.17347338e-01
 7.40813063e-01 7.20194128e-01 7.67273081e-01 7.04484604e-01
 6.79884716e-01 5.89284133e-01 7.43250817e-01 6.84971584e-01
 6.20181452e-01 5.09157926e-01 6.34777900e-01 5.81975930e-01
 4.80665298e-01 3.68935649e-01 3.71823082e-01 2.92227769e-01
 2.51546930e-01 2.88557667e-01 5.71627248e-01 3.76044071e-01
 2.03773625e-01 1.82707209e-01 1.53051538e-01 1.70003342e-01
 2.26828013e-01 4.92088848e-01 7.68137990e-01 5.67628787e-01
 5.10076677e-01 3.69329386e-01 2.72804972e-01 1.63458222e-01
 1.10888297e-01 1.48067705e-01 1.96736768e-01 1.88998393e-01
 1.01890602e-01 7.50453982e-02 5.81032697e-02 3.87704032e-02
 4.24849687e-02 2.14466123e-02 1.96436642e-01 3.77141000e-01
 4.67449288e-01 2.60612129e-01 1.11097215e-01 1.34012093e-01
 6.06458976e-02 4.16574942e-02 4.64881472e-02 2.19114078e-02
 3.36966734e-02 3.60756785e-02 1.72576877e-02 7.07011685e-03
 4.78791098e-03 7.31403086e-03 9.33539918e-03 4.56519695e-03
 1.60230326e-03 1.24586872e-03 2.58283740e-02 1.39677711e-02
 2.43658579e-02 5.59534065e-03 3.20665758e-03 1.65165743e-03
 1.76855296e-03 9.84274133e-04 2.92338341e-03 1.17868281e-02
 3.58762179e-02 2.62114621e-01 4.67537167e-01 3.87512073e-01
 1.83218594e-01 5.52124464e-02 1.25297094e-02 6.65015204e-03
 5.49110586e-03 4.75973518e-03 2.71642982e-03 3.67777382e-03
 1.48530600e-03 1.72404598e-03 2.60758801e-03 1.31070401e-03
 9.30132308e-04 1.44833783e-02 5.01876290e-03 1.73789694e-03
 1.47760477e-03 1.54288129e-03 1.65944385e-03 7.48409138e-04]
 History train acc: 
[0.57009347 0.5233645  0.50467291 0.50467291 0.53271029 0.56074768
 0.58878506 0.60747665 0.55140188 0.72897197 0.60747665 0.62616823
 0.64485983 0.73831777 0.682243   0.70093459 0.79439253 0.81308412
 0.8504673  0.86915889 0.90654206 0.89719627 0.73831777 0.8504673
 0.92523365 0.91588786 0.94392524 0.92523365 0.91588785 0.78504674
 0.70093459 0.74766356 0.75700936 0.8411215  0.87850468 0.95327103
 0.96261682 0.93457944 0.91588785 0.93457944 0.97196262 0.97196262
 0.98130841 0.99065421 1.         0.99065421 0.91588785 0.88785047
 0.78504674 0.8504673  0.97196262 0.95327103 0.99065421 1.
 0.99065421 1.         0.98130841 0.98130841 1.         1.
 1.         1.         1.         1.         1.         1.
 0.98130841 1.         0.99065421 1.         1.         1.
 1.         1.         1.         0.99065421 0.99065421 0.92523365
 0.8504673  0.86915889 0.92523365 0.97196262 1.         1.
 1.         1.         1.         1.         1.         1.
 1.         1.         1.         0.99065421 1.         1.
 1.         1.         1.         1.        ]
 History test loss: 
[5.5011194  3.33523904 6.03744302 5.96694271 0.81711775 0.86780368
 0.53923405 1.58683448 0.79901886 5.85974809 3.07771907 3.14457698
 1.00940788 2.94360637 0.93826323 2.80009726 0.82094822 1.00140586
 1.24358091 1.53544902 2.00973955 1.98012471 0.94674308 0.93695378
 1.26100842 1.43935995 2.48482265 1.94884929 2.93130179 2.31171645
 2.27905601 3.28467331 1.59864187 1.53154788 1.64567714 1.64264662
 1.70244246 1.91206847 2.81732322 3.80083052 2.22764891 1.41983717
 2.17729592 2.63766925 2.34098364 2.36067552 2.67174496 5.77535295
 3.43054766 2.01763835 2.44302684 3.37035192 2.63005005 2.2203843
 2.34912833 1.95651762 1.12216747 1.57423991 2.24672567 2.32691436
 2.33359933 2.3844262  1.66118688 1.7027003  1.82071651 1.8944696
 2.26066423 2.60384109 2.7493318  2.95144302 2.97469163 3.00906118
 3.08541535 3.0697438  2.87449262 3.35899971 3.12937462 3.42091935
 2.97764945 1.55576119 2.30745782 2.96749647 2.65451686 2.4598807
 2.44587017 2.38472842 2.35534009 2.47605024 2.76070404 2.69149122
 2.69426456 2.62074482 2.61990005 2.81265275 2.93535438 3.07559651
 3.03840837 2.99609464 2.95260808 2.9975812 ]
 History test loss: 
[0.50000001 0.75       0.58333334 0.58333334 0.66666668 0.41666668
 0.66666668 0.66666668 0.66666668 0.41666668 0.41666668 0.58333334
 0.75000001 0.50000001 0.66666667 0.58333334 0.58333335 0.58333335
 0.50000001 0.58333335 0.50000001 0.41666668 0.75000001 0.83333334
 0.58333335 0.66666667 0.50000001 0.75000001 0.58333334 0.66666667
 0.66666668 0.50000001 0.50000001 0.50000001 0.41666668 0.33333334
 0.41666668 0.41666667 0.41666668 0.41666668 0.41666667 0.41666667
 0.5        0.41666668 0.41666667 0.41666667 0.50000001 0.50000001
 0.50000001 0.66666667 0.50000001 0.50000001 0.41666668 0.41666668
 0.58333334 0.58333334 0.58333335 0.41666668 0.5        0.5
 0.5        0.58333335 0.58333335 0.50000001 0.50000001 0.50000001
 0.41666667 0.41666667 0.50000001 0.41666667 0.41666667 0.50000001
 0.50000001 0.41666668 0.50000001 0.58333334 0.41666667 0.58333335
 0.58333335 0.58333334 0.58333335 0.50000001 0.50000001 0.50000001
 0.50000001 0.50000001 0.50000001 0.50000001 0.50000001 0.50000001
 0.58333335 0.50000001 0.50000001 0.58333334 0.58333334 0.50000001
 0.58333335 0.50000001 0.50000001 0.50000001]
Train Loss: 0.23046839258181223
Train Acc: 0.89130841545691
Test Loss: min: 0.5392340471347173 mean: 2.456552130902607
Test Acc: max: 0.8333333432674408 mean: 0.5266666769360502
######################################################
 History train loss: 
[8.72954453e-01 7.71768937e-01 8.00407288e-01 8.14177138e-01
 7.93751004e-01 7.77968400e-01 8.66319282e-01 6.97523637e-01
 5.87572535e-01 7.34148189e-01 5.69073854e-01 5.07092217e-01
 5.11200454e-01 4.22698603e-01 3.48650866e-01 4.27344343e-01
 4.15680167e-01 5.38921326e-01 4.07971621e-01 3.38325138e-01
 5.05113867e-01 6.23976234e-01 4.30985115e-01 2.46493009e-01
 2.26464802e-01 1.62821462e-01 1.23248472e-01 7.47241296e-02
 5.48266020e-02 4.23805939e-02 2.38263520e-02 2.02399662e-02
 8.47251493e-03 3.39188638e-03 2.36352313e-03 2.08184677e-03
 1.36680927e-03 1.98416201e-03 2.22355940e-03 1.70737945e-03
 1.43642491e-03 6.91513390e-04 9.31742807e-04 1.00026308e-03
 7.60792905e-04 6.34564689e-04 4.35198389e-04 4.59511120e-04
 4.52485409e-04 3.14595934e-04 3.27206935e-04 2.85669950e-04
 4.41100595e-04 3.08154176e-04 5.05259564e-04 2.02208576e-04
 2.21656533e-04 2.37185097e-04 5.82723957e-04 4.76640305e-03
 1.52954000e-02 4.48171479e-01 1.16340238e+00 7.89548959e-01
 1.00951088e+00 4.65061849e-01 2.94685384e-01 3.85524678e-01
 2.44801599e-01 2.70032035e-01 1.69677882e-01 8.26703507e-02
 6.04485958e-02 6.66745477e-02 5.93097439e-02 4.67205348e-01
 4.00418909e-01 2.33776610e-01 1.48455541e-01 8.49961332e-02
 3.41451654e-02 2.28906149e-02 7.93083591e-03 4.73732981e-03
 4.79551651e-03 3.35734648e-03 2.76221476e-03 3.01516701e-03
 2.36350843e-03 3.03071282e-03 2.16027722e-03 1.17761718e-03
 1.97610711e-03 1.46930044e-03 7.05702124e-04 2.90443566e-02
 1.22762906e-01 2.97937845e-01 1.20894738e-01 6.13024300e-02]
 History train acc: 
[0.42990655 0.49532711 0.48598132 0.48598132 0.53271029 0.49532711
 0.60747665 0.56074768 0.66355142 0.60747665 0.72897198 0.71962618
 0.78504674 0.80373833 0.86915889 0.8411215  0.77570095 0.75700936
 0.76635515 0.83177571 0.83177571 0.65420562 0.75700935 0.87850468
 0.87850468 0.95327103 0.97196262 0.99065421 0.99065421 1.
 1.         1.         1.         1.         1.         1.
 1.         1.         1.         1.         1.         1.
 1.         1.         1.         1.         1.         1.
 1.         1.         1.         1.         1.         1.
 1.         1.         1.         1.         1.         1.
 1.         0.89719627 0.73831777 0.67289721 0.67289721 0.75700936
 0.88785047 0.83177571 0.93457944 0.88785047 0.92523365 0.99065421
 0.99065421 0.97196262 0.98130841 0.80373833 0.87850468 0.89719627
 0.96261682 0.96261682 0.99065421 1.         1.         1.
 1.         1.         1.         1.         1.         1.
 1.         1.         1.         1.         1.         0.99065421
 0.94392524 0.91588786 0.97196262 0.98130841]
 History test loss: 
[5.64069525 6.47782695 4.00843813 4.62265517 5.24954053 0.80061134
 1.46623083 0.83136929 1.14093788 0.59230005 0.92887497 0.81211527
 1.13173841 0.69062694 0.742792   1.03346574 1.15860376 2.96961755
 1.89353099 2.00378222 1.56780959 1.57669668 3.88287069 3.00315187
 2.5719967  1.65323215 1.60735135 1.48544275 2.71459121 2.83625815
 3.41448949 3.64618395 3.1103848  3.21192814 3.09817694 3.1705551
 3.32580707 3.32362004 3.26476992 3.25065341 3.25684668 3.38653599
 3.38882143 3.29388115 3.16978196 3.18723635 3.32776006 3.49504255
 3.51900741 3.54213564 3.55929774 3.61393912 3.57114576 3.56969035
 3.58732015 3.62028496 3.63326287 3.66735218 3.65806238 4.0309106
 2.33538896 6.71587296 6.22526133 7.68108966 7.38404832 5.36740316
 3.51678991 5.51154933 4.38536155 3.93944108 3.41953892 3.65105992
 3.46501528 3.3821364  3.26766011 3.07388527 1.85662733 1.79110617
 1.37110132 2.13385956 1.69462469 1.80043959 1.72682212 1.75587759
 1.75270363 1.74954744 1.73250131 1.80635077 1.84773522 1.91180191
 1.8729492  1.88401255 1.9045782  1.88876958 1.90345159 2.60948404
 4.09431761 2.407477   2.4318048  2.36717376]
 History test loss: 
[0.58333335 0.58333335 0.41666667 0.58333335 0.58333335 0.75000001
 0.66666667 0.83333334 0.58333335 0.66666668 0.50000002 0.75000001
 0.66666669 0.66666667 0.75000001 0.66666668 0.58333335 0.50000001
 0.66666668 0.58333335 0.58333335 0.66666668 0.66666669 0.58333335
 0.66666669 0.66666669 0.58333335 0.66666669 0.58333335 0.66666669
 0.66666669 0.66666669 0.66666669 0.66666669 0.66666669 0.66666669
 0.66666669 0.66666669 0.58333335 0.58333335 0.66666669 0.66666669
 0.58333335 0.66666669 0.66666669 0.58333335 0.66666669 0.66666669
 0.66666669 0.66666669 0.66666669 0.66666669 0.66666669 0.66666669
 0.66666669 0.66666669 0.66666669 0.66666669 0.58333335 0.66666668
 0.75000001 0.58333335 0.58333335 0.41666667 0.41666667 0.50000001
 0.66666669 0.50000001 0.66666669 0.66666669 0.66666669 0.58333335
 0.66666669 0.66666669 0.66666669 0.66666669 0.66666669 0.75000001
 0.66666669 0.58333335 0.75000001 0.75000001 0.75000001 0.75000001
 0.75000001 0.75000001 0.75000001 0.66666668 0.66666668 0.66666668
 0.66666668 0.66666668 0.66666668 0.66666668 0.66666668 0.50000001
 0.58333335 0.75000001 0.75000001 0.58333335]
Train Loss: 0.22365364394368106
Train Acc: 0.8958878543374137
Test Loss: min: 0.5923000474770864 mean: 2.9160665777307746
Test Acc: max: 0.8333333432674408 mean: 0.6458333493520816
######################################################
 History train loss: 
[9.65811599e-01 9.59836394e-01 7.34394129e-01 8.08529400e-01
 7.17874837e-01 8.57560910e-01 7.64785033e-01 8.13144048e-01
 7.19806795e-01 6.59199647e-01 1.00488233e+00 8.52319763e-01
 9.23033576e-01 7.63619042e-01 7.55914653e-01 7.28499089e-01
 6.67181667e-01 6.82953166e-01 5.88001316e-01 6.74771554e-01
 7.05956267e-01 6.69561767e-01 6.99801109e-01 6.76293082e-01
 6.44512387e-01 5.27742993e-01 4.74865956e-01 4.76924038e-01
 4.17672842e-01 3.60807592e-01 3.13591059e-01 4.57687239e-01
 5.10898971e-01 3.27064081e-01 3.82990149e-01 2.31198959e-01
 1.21212263e-01 1.03686280e-01 6.03701129e-02 4.32386032e-02
 3.04454203e-02 5.59820500e-02 3.26929335e-02 1.63100773e-02
 1.09527491e-02 7.37751084e-03 3.78751230e-03 3.73197703e-03
 5.89686533e-03 3.74073093e-03 4.15994751e-03 2.55794354e-03
 1.66553871e-03 2.16144353e-03 1.38448764e-03 1.15039340e-03
 2.65876869e-03 1.23085389e-03 2.67281019e-03 1.57632974e-03
 1.27937066e-03 9.64076846e-04 7.07928014e-04 5.00287348e-04
 6.99971991e-04 6.08392839e-04 7.88502869e-04 6.33825263e-04
 4.16638254e-04 4.47030268e-04 3.44935006e-04 4.36546678e-04
 5.80987182e-04 3.74301923e-04 4.54590754e-04 3.29719488e-04
 4.13750300e-04 3.35860143e-04 3.70604119e-04 2.83443076e-04
 4.31794717e-04 4.01634975e-04 3.29773195e-04 1.98362567e-04
 2.44599934e-04 3.34212674e-04 2.06435700e-04 1.88391691e-04
 2.18908652e-04 1.47060154e-04 1.78685857e-04 2.91485853e-04
 2.30367442e-04 2.42044009e-04 1.63847678e-04 2.93796445e-04
 2.64690142e-04 1.81473433e-04 2.15308209e-04 1.16770087e-04]
 History train acc: 
[0.48598132 0.5233645  0.50467291 0.53271029 0.59813085 0.43925235
 0.5233645  0.48598132 0.57943927 0.64485983 0.48598132 0.54205609
 0.48598132 0.5140187  0.57943927 0.5140187  0.63551403 0.60747665
 0.70093459 0.63551403 0.58878506 0.62616824 0.61682244 0.59813085
 0.60747665 0.70093459 0.74766356 0.73831777 0.79439253 0.82242992
 0.87850468 0.79439253 0.72897197 0.85981309 0.81308412 0.93457944
 0.97196262 0.97196262 0.99065421 1.         0.99065421 0.99065421
 1.         1.         1.         1.         1.         1.
 1.         1.         1.         1.         1.         1.
 1.         1.         1.         1.         1.         1.
 1.         1.         1.         1.         1.         1.
 1.         1.         1.         1.         1.         1.
 1.         1.         1.         1.         1.         1.
 1.         1.         1.         1.         1.         1.
 1.         1.         1.         1.         1.         1.
 1.         1.         1.         1.         1.         1.
 1.         1.         1.         1.        ]
 History test loss: 
[6.7158734  5.91298131 0.78462439 1.16539501 1.37853892 0.81490886
 0.70358208 0.77173512 0.81510829 0.56169841 0.96044952 1.20751722
 0.96101003 0.60523151 0.69233181 0.7374504  0.59206727 0.67656299
 0.74662209 0.79086039 0.88504179 0.60786596 0.68070076 0.88225793
 0.85692967 0.93857344 1.01749208 0.96494996 0.68401326 3.86663393
 2.765322   4.85680942 1.37301113 1.98390553 2.34602871 1.66191652
 1.50544711 1.61426565 2.02300674 1.55910911 1.58596996 2.46055413
 2.05831281 2.05772496 2.11266613 2.48469046 2.35373742 2.37834813
 2.48085154 2.1913772  2.57077782 2.52631414 2.35547877 2.25749547
 2.36596698 2.47312763 2.22089506 2.35505506 2.53710717 2.59315725
 2.64831715 2.58462734 2.60979484 2.65533776 2.72299726 2.71832235
 2.7650588  2.75596912 2.69471864 2.71286343 2.72893543 2.76629246
 2.85319399 2.82423457 2.80400526 2.79219554 2.83111361 2.85665236
 2.91528485 2.94312229 2.95068321 3.09556372 3.10964503 3.07925604
 3.06180104 3.03424781 3.01905222 3.04118631 3.06049668 3.07560852
 3.06853218 3.06026199 3.16765363 3.19748961 3.18653127 3.16268766
 3.14454136 3.16512366 3.15459003 3.18173566]
 History test loss: 
[0.58333335 0.41666668 0.41666668 0.41666668 0.58333335 0.58333335
 0.58333335 0.58333335 0.58333335 0.83333334 0.58333335 0.41666668
 0.33333334 0.58333335 0.5        0.58333335 0.66666668 0.50000001
 0.50000001 0.33333334 0.41666668 0.58333335 0.66666668 0.66666668
 0.66666667 0.66666668 0.41666668 0.66666667 0.66666669 0.50000002
 0.5        0.58333335 0.41666668 0.5        0.58333335 0.50000001
 0.58333335 0.58333335 0.58333335 0.58333335 0.58333335 0.41666668
 0.58333335 0.58333335 0.58333335 0.58333335 0.50000001 0.58333335
 0.58333335 0.58333335 0.58333335 0.58333335 0.58333335 0.58333335
 0.58333335 0.58333335 0.58333335 0.58333335 0.58333335 0.58333335
 0.58333335 0.58333335 0.58333335 0.58333335 0.58333335 0.58333335
 0.58333335 0.58333335 0.58333335 0.58333335 0.58333335 0.58333335
 0.58333335 0.58333335 0.58333335 0.58333335 0.58333335 0.58333335
 0.58333335 0.58333335 0.58333335 0.58333335 0.58333335 0.58333335
 0.58333335 0.58333335 0.58333335 0.58333335 0.58333335 0.58333335
 0.58333335 0.58333335 0.58333335 0.58333335 0.58333335 0.58333335
 0.58333335 0.58333335 0.58333335 0.58333335]
Train Loss: 0.24056181454157874
Train Acc: 0.8678504714258364
Test Loss: min: 0.5616984069347382 mean: 2.2428716249113263
Test Acc: max: 0.8333333432674408 mean: 0.5666666789228717
######################################################
 History train loss: 
[8.85230706e-01 8.19566745e-01 7.26417057e-01 6.89363402e-01
 8.83648007e-01 6.50543614e-01 5.76258353e-01 5.08427959e-01
 4.15802032e-01 4.77874556e-01 4.93625758e-01 5.77847275e-01
 4.73011711e-01 3.80670216e-01 2.57608423e-01 1.94415200e-01
 3.10309905e-01 3.04371054e-01 4.01893360e-01 2.87687078e-01
 2.72180712e-01 3.09765298e-01 1.75244782e-01 6.98305411e-02
 5.89688859e-02 2.95311183e-02 1.63165474e-02 5.88310612e-03
 5.25568161e-03 2.59676956e-03 2.71583503e-03 1.46280712e-03
 1.47824128e-03 1.43690586e-03 1.14673640e-03 8.89978125e-04
 7.85594222e-04 8.92077952e-04 3.96488131e-03 3.89508163e-03
 1.95054054e-03 7.75167755e-04 7.73600405e-04 6.00097517e-04
 4.06022048e-04 5.41277621e-04 4.54846405e-04 3.33348153e-04
 4.84501981e-04 4.73684431e-04 7.07223285e-04 2.61413298e-04
 2.46174855e-04 2.72889122e-04 3.17949061e-04 2.18440130e-04
 2.41653311e-04 4.72920134e-04 1.71000129e-04 2.08512926e-04
 1.77980620e-04 1.46755403e-04 1.79204450e-04 1.38765684e-04
 1.41600204e-04 1.53141858e-04 1.80187596e-04 1.57833616e-04
 1.08583745e-04 9.52700365e-05 1.15216919e-04 1.26544272e-04
 1.18504351e-04 9.38363650e-05 3.24232143e-03 7.06653975e-01
 9.85789793e-01 8.37022276e-01 7.25729436e-01 6.52592003e-01
 9.38829154e-01 7.46593944e-01 6.50676463e-01 6.57716369e-01
 4.17494849e-01 3.42970315e-01 3.05397478e-01 2.06890720e-01
 1.66765659e-01 9.80819622e-02 9.69170109e-02 9.35375694e-02
 4.91585893e-02 3.91325526e-02 2.44245801e-02 1.14181562e-02
 1.07204209e-02 6.23018165e-03 4.69702481e-03 3.60565807e-03]
 History train acc: 
[0.5140187  0.56074768 0.55140188 0.62616824 0.48598132 0.57943926
 0.70093459 0.72897198 0.82242992 0.76635515 0.71962618 0.72897198
 0.76635515 0.77570095 0.87850468 0.92523365 0.88785047 0.88785047
 0.82242992 0.86915889 0.87850468 0.8504673  0.94392524 0.97196262
 0.98130841 1.         1.         1.         1.         1.
 1.         1.         1.         1.         1.         1.
 1.         1.         1.         1.         1.         1.
 1.         1.         1.         1.         1.         1.
 1.         1.         1.         1.         1.         1.
 1.         1.         1.         1.         1.         1.
 1.         1.         1.         1.         1.         1.
 1.         1.         1.         1.         1.         1.
 1.         1.         1.         0.80373832 0.65420562 0.71028038
 0.71962618 0.72897197 0.61682244 0.63551403 0.74766356 0.74766357
 0.81308412 0.85981309 0.88785047 0.94392524 0.95327103 0.97196262
 0.96261682 0.95327103 0.99065421 1.         1.         1.
 1.         1.         1.         1.        ]
 History test loss: 
[7.95285425 3.97814752 2.81949328 1.39350626 1.34736466 1.93327406
 1.05812588 2.04492731 1.41877817 3.17177045 2.29749683 4.39519565
 4.98060407 2.77587663 1.28131644 2.15275702 2.11210383 5.62308373
 3.56704973 2.94752498 2.4464685  4.31479615 3.44715373 1.45046327
 1.8686117  2.59468532 1.60524246 1.61340968 1.68182078 1.62441076
 1.69511037 1.65496653 1.67241718 1.66750001 1.67500906 1.7012214
 1.71941035 1.74495128 1.50519994 1.7460462  1.65141752 1.6713376
 1.71022793 1.75451844 1.7770821  1.8153887  1.82990483 1.83991714
 1.86766597 1.89293636 1.86821627 1.87372189 1.89565765 1.9248687
 1.93964687 1.9251566  1.93383823 1.92614587 1.92951137 1.93298954
 1.95950671 1.98290257 1.98281551 1.98860254 1.99153025 1.99595655
 2.0025087  2.01095061 2.02829418 2.0180189  2.02402259 2.0409706
 2.04266459 2.06849045 1.8263559  6.00131483 6.7158731  4.74939944
 6.37656134 1.07741341 4.86394116 3.9355651  3.43046421 1.48924831
 1.70944157 1.64073996 0.99821205 1.27036909 1.08946411 1.33298985
 1.46737573 1.48918605 1.72859368 1.63328915 1.91631426 2.00816173
 1.96779992 2.02813613 2.04065593 2.06936643]
 History test loss: 
[0.5        0.58333335 0.41666667 0.58333335 0.58333335 0.5
 0.50000001 0.5        0.58333335 0.41666667 0.58333335 0.58333335
 0.5        0.58333335 0.66666667 0.5        0.58333334 0.5
 0.58333335 0.58333335 0.66666667 0.58333335 0.58333335 0.58333335
 0.66666669 0.66666669 0.50000001 0.58333334 0.58333334 0.58333334
 0.58333334 0.58333334 0.58333334 0.58333334 0.58333334 0.58333334
 0.58333334 0.58333334 0.66666667 0.50000001 0.58333334 0.66666667
 0.66666667 0.58333334 0.58333334 0.58333334 0.58333334 0.58333334
 0.58333334 0.58333334 0.58333334 0.58333334 0.58333334 0.58333334
 0.58333334 0.58333334 0.58333334 0.58333334 0.66666667 0.66666667
 0.66666667 0.66666667 0.66666667 0.66666667 0.66666667 0.66666667
 0.66666667 0.66666667 0.66666667 0.66666667 0.66666667 0.66666667
 0.66666667 0.58333334 0.66666667 0.50000001 0.58333335 0.58333335
 0.58333335 0.25       0.41666667 0.50000001 0.50000001 0.66666667
 0.75000001 0.75000001 0.83333334 0.83333334 0.66666669 0.83333334
 0.83333334 0.83333334 0.83333334 0.83333334 0.75000001 0.75000001
 0.75000001 0.75000001 0.75000001 0.75000001]
Train Loss: 0.20072947141180073
Train Acc: 0.9092523400791896
Test Loss: min: 0.998212051888307 mean: 2.306337621732191
Test Acc: max: 0.8333333432674408 mean: 0.6166666754583519
######################################################
 History train loss: 
[9.63244578e-01 8.08779861e-01 7.13080960e-01 6.68666741e-01
 6.46147106e-01 6.76234887e-01 7.26050379e-01 5.92975079e-01
 5.14339090e-01 6.83157528e-01 6.66936566e-01 6.36937585e-01
 6.57099885e-01 6.17028536e-01 5.27861031e-01 4.50556090e-01
 4.49627979e-01 3.51649153e-01 3.71303798e-01 4.35918482e-01
 3.80134046e-01 3.70305120e-01 3.55149074e-01 6.04608987e-01
 5.50028504e-01 3.80853545e-01 2.66474509e-01 1.99583931e-01
 1.62785523e-01 1.83726961e-01 1.27314874e-01 1.56140526e-01
 9.51902576e-02 6.91872259e-02 1.46395383e-01 3.31414556e-02
 7.22786342e-02 8.66291486e-02 2.91829648e-02 1.90122828e-02
 2.40428616e-02 1.00047256e-01 3.47526410e-01 2.96345102e-01
 1.39851589e-01 8.88746542e-02 1.04543718e-01 2.28214677e-01
 1.72658623e-01 3.56656270e-02 1.25022713e-02 1.18955900e-02
 6.77317743e-03 4.09762751e-03 3.85164891e-03 2.75188022e-03
 2.02583479e-03 1.37240470e-03 1.28586727e-03 7.57242922e-03
 1.43925163e-03 1.46485254e-03 8.62462969e-04 9.71339162e-04
 4.51356535e-04 8.09345978e-04 1.00911676e-03 4.06029946e-04
 4.38514770e-04 5.40522889e-04 3.48110315e-04 5.27093153e-04
 2.65825595e-04 6.04006414e-04 3.21855193e-04 4.84090208e-04
 1.06994790e-03 3.38251966e-04 3.50859738e-04 4.76693448e-04
 3.76498707e-04 1.99364820e-04 3.04902323e-04 2.49684241e-04
 3.83164875e-04 4.62448627e-04 1.30181329e-04 3.92695812e-04
 1.66673993e-04 1.33970810e-04 1.61433654e-04 1.51260150e-04
 2.21433649e-04 1.45818218e-04 3.25346258e-04 8.90552911e-05
 1.11713695e-04 1.44089459e-04 1.35499332e-04 1.73690380e-04]
 History train acc: 
[0.5233645  0.5140187  0.57943926 0.61682244 0.70093459 0.62616824
 0.53271029 0.67289721 0.71962618 0.59813085 0.65420562 0.71028038
 0.67289721 0.71962618 0.72897197 0.76635515 0.75700935 0.87850468
 0.80373833 0.75700936 0.82242992 0.8504673  0.82242991 0.71028038
 0.74766356 0.82242992 0.87850468 0.95327103 0.95327103 0.92523365
 0.95327103 0.96261682 0.95327103 0.98130841 0.93457944 0.99065421
 0.95327103 0.98130841 0.99065421 0.99065421 0.99065421 0.96261682
 0.86915889 0.89719627 0.93457944 0.95327103 0.96261682 0.93457944
 0.92523365 0.99065421 1.         1.         1.         1.
 1.         1.         1.         1.         1.         1.
 1.         1.         1.         1.         1.         1.
 1.         1.         1.         1.         1.         1.
 1.         1.         1.         1.         1.         1.
 1.         1.         1.         1.         1.         1.
 1.         1.         1.         1.         1.         1.
 1.         1.         1.         1.         1.         1.
 1.         1.         1.         1.        ]
 History test loss: 
[4.03135444 7.80704276 3.99487317 1.10105435 2.189409   3.26326145
 1.28949752 1.1069938  1.07253722 1.24430666 2.94813033 4.54734969
 2.25735572 5.36904518 2.43560262 2.84632798 1.62071216 2.14016116
 1.06821922 2.44724312 2.19622471 4.704704   1.56442763 5.97780933
 5.3130521  2.27992817 2.28494909 3.63051178 5.22529421 3.54293166
 2.59381886 2.68679097 2.71734338 5.24544384 1.60730846 4.552845
 3.85223477 3.49239173 4.738981   5.90403582 3.24230765 5.00459299
 5.23827644 4.00860497 3.35836705 1.96797876 3.31716341 5.40820316
 5.69058486 3.98775196 4.15623671 2.72423208 3.899279   3.48022616
 3.26382631 3.01387386 2.7743229  2.83211931 2.76411459 2.93186301
 2.71048301 2.75466112 2.85343027 2.80576197 2.83090613 2.87872984
 2.96358671 3.0299228  3.10148243 3.21728696 3.2064353  3.14135059
 3.11539882 3.10337138 3.17355653 3.21742737 3.69130749 3.65455409
 3.51330082 3.41410265 3.29700323 3.31446598 3.38536855 3.39165864
 3.41136036 3.4417206  3.5170026  3.71002309 3.78159956 3.74239467
 3.70877985 3.66475374 3.57973413 3.51441044 3.48688589 3.52155902
 3.52379658 3.52346144 3.59441006 3.63051542]
 History test loss: 
[0.58333335 0.41666667 0.50000001 0.33333334 0.33333334 0.50000001
 0.25       0.58333335 0.50000001 0.41666668 0.58333335 0.58333335
 0.50000001 0.41666667 0.33333334 0.41666668 0.50000001 0.33333334
 0.58333335 0.25       0.33333334 0.25       0.41666667 0.50000001
 0.50000001 0.50000001 0.41666668 0.33333334 0.16666667 0.33333334
 0.66666667 0.50000002 0.41666668 0.25       0.50000001 0.33333334
 0.41666667 0.41666668 0.50000001 0.25       0.33333334 0.41666668
 0.66666668 0.58333334 0.41666667 0.41666667 0.33333334 0.41666668
 0.25       0.25       0.25       0.33333334 0.16666667 0.25
 0.25       0.25       0.25       0.25       0.25       0.33333334
 0.33333334 0.33333334 0.33333334 0.33333334 0.33333334 0.25
 0.25       0.25       0.25       0.25       0.25       0.25
 0.25       0.25       0.25       0.25       0.33333334 0.33333334
 0.33333334 0.25       0.25       0.25       0.25       0.25
 0.25       0.25       0.25       0.25       0.25       0.25
 0.25       0.25       0.25       0.25       0.25       0.25
 0.25       0.25       0.25       0.25      ]
Train Loss: 0.18055255969548892
Train Acc: 0.911308414696533
Test Loss: min: 1.0682192196448643 mean: 3.350733893413198
Test Acc: max: 0.6666666815678278 mean: 0.34250000568727645
######################################################
 History train loss: 
[8.30942430e-01 7.45166643e-01 8.22888087e-01 7.53949144e-01
 7.24959778e-01 7.93314560e-01 7.99594881e-01 7.94204408e-01
 7.84058090e-01 7.26957094e-01 7.10023810e-01 6.85056726e-01
 8.31039858e-01 7.92000982e-01 6.97329347e-01 6.31745822e-01
 6.35630754e-01 5.28228552e-01 6.33416515e-01 6.64017379e-01
 4.45386697e-01 4.66423658e-01 6.49935184e-01 5.53234969e-01
 5.17224369e-01 3.50450344e-01 3.78719817e-01 5.06946612e-01
 4.66409563e-01 3.83577731e-01 3.21454089e-01 2.02784568e-01
 2.96646554e-01 1.72240936e-01 8.99134964e-02 5.81460420e-02
 2.89676098e-02 2.72094340e-02 3.49915980e-02 7.27184036e-02
 8.34054863e-02 9.39884010e-02 2.61371200e-01 1.53804083e-01
 5.50974896e-01 7.22156995e-01 4.74026953e-01 4.98223147e-01
 3.02347263e-01 1.26046222e-01 5.47356611e-02 2.37216490e-02
 9.93647559e-03 1.43901262e-02 1.68598599e-02 1.61127131e-02
 7.07053092e-03 3.59798224e-02 1.95635816e-02 1.87706959e-02
 4.56496138e-02 1.88989825e-01 2.61798904e-01 1.62976877e-01
 1.70065492e-01 9.85392899e-02 1.80612223e-02 1.66157465e-02
 5.91647626e-03 3.60391428e-03 4.96276039e-03 1.50881464e-03
 1.75475952e-03 2.80643306e-03 1.49986422e-03 1.00638602e-03
 1.52885369e-03 1.11476560e-03 9.25396090e-04 9.30907928e-04
 7.92870679e-04 7.85365939e-04 6.16406368e-04 7.03777105e-04
 5.73884042e-04 5.49442929e-04 1.34061512e-03 4.99564571e-04
 6.23819253e-04 4.11905883e-04 6.97990792e-04 4.43712555e-04
 4.59377588e-04 4.01729403e-04 4.71231334e-04 1.58597453e-03
 1.00662824e-03 3.93915198e-04 4.04561216e-04 6.78710431e-04]
 History train acc: 
[0.46296297 0.57407409 0.55555557 0.49074075 0.54629631 0.62962964
 0.45370371 0.58333335 0.50000001 0.60185186 0.58333334 0.62037039
 0.43518519 0.49074075 0.54629631 0.65740742 0.5925926  0.72222223
 0.66666668 0.6851852  0.78703705 0.81481483 0.61111112 0.76851853
 0.75925927 0.87962964 0.81481482 0.78703705 0.81481483 0.8425926
 0.87962963 0.94444445 0.87037038 0.93518519 0.96296297 1.
 0.99074074 1.         0.98148148 0.96296297 0.98148148 0.96296297
 0.87037038 0.94444445 0.80555556 0.69444445 0.75000001 0.79629631
 0.8888889  0.95370371 0.98148148 1.         1.         1.
 0.99074074 1.         1.         0.98148148 0.99074074 1.
 0.97222222 0.94444445 0.89814815 0.95370371 0.92592593 0.97222222
 1.         1.         1.         1.         1.         1.
 1.         1.         1.         1.         1.         1.
 1.         1.         1.         1.         1.         1.
 1.         1.         1.         1.         1.         1.
 1.         1.         1.         1.         1.         1.
 1.         1.         1.         1.        ]
 History test loss: 
[3.74259331 4.81711944 0.9660523  0.68571766 0.62413234 0.97833153
 1.22185601 0.701757   1.33355331 1.51849124 0.62815911 2.3530838
 0.83198362 0.72058682 1.01741238 0.62833991 0.71123312 0.78477018
 0.92184937 0.5928877  0.49472762 2.19521485 2.61634835 1.11909589
 0.87472798 1.12711366 0.7089778  1.3286152  1.07291642 1.79105844
 2.07776594 1.26552417 0.88266668 0.69770269 0.75526832 0.60831175
 0.48850693 0.70116753 0.83798937 0.90983312 1.14849233 1.00685794
 1.58464075 1.35493481 2.84538167 1.92727802 2.04431384 3.22222897
 2.51237369 1.6477602  1.23724348 1.811635   1.93059925 1.59622557
 1.09826563 1.86990569 1.99411336 2.85548884 0.97893644 1.15530474
 0.78817773 4.55033465 1.89690348 2.41821367 2.04296761 1.42518575
 1.1772357  1.19228271 1.27888344 1.26596558 1.21192498 1.27858115
 1.31021201 1.35966    1.30922128 1.31359089 1.36714098 1.36916778
 1.37468471 1.37005003 1.37404257 1.37485358 1.37465809 1.38906995
 1.39786312 1.40368181 1.41688301 1.41352821 1.41274802 1.4225245
 1.44953153 1.46597621 1.47125323 1.46659801 1.47555275 1.38672348
 1.32395657 1.37121675 1.39584757 1.44175265]
 History test loss: 
[0.54545455 0.45454546 0.45454547 0.54545455 0.45454547 0.54545455
 0.54545455 0.45454545 0.54545455 0.45454547 0.54545456 0.45454547
 0.54545456 0.45454547 0.54545455 0.72727274 0.45454546 0.45454546
 0.54545455 0.72727274 0.81818183 0.36363637 0.54545456 0.45454547
 0.72727274 0.54545455 0.63636364 0.36363638 0.54545455 0.63636364
 0.54545457 0.72727274 0.63636364 0.63636366 0.63636364 0.72727274
 0.81818182 0.81818183 0.63636365 0.45454547 0.72727274 0.72727274
 0.63636364 0.63636366 0.63636364 0.45454547 0.54545455 0.36363637
 0.45454547 0.45454547 0.45454547 0.54545455 0.63636365 0.63636365
 0.63636365 0.63636365 0.54545455 0.36363637 0.63636365 0.81818182
 0.63636365 0.45454547 0.45454547 0.45454547 0.45454547 0.45454547
 0.45454547 0.63636365 0.72727274 0.54545457 0.54545457 0.54545457
 0.54545457 0.54545457 0.54545457 0.54545457 0.45454547 0.45454547
 0.54545457 0.54545457 0.45454547 0.54545457 0.54545457 0.54545457
 0.54545457 0.54545457 0.45454547 0.54545457 0.54545457 0.54545457
 0.54545457 0.54545457 0.54545457 0.54545457 0.54545457 0.45454547
 0.54545455 0.45454547 0.45454547 0.54545457]
Train Loss: 0.25095090077910437
Train Acc: 0.8706481526322938
Test Loss: min: 0.4885069267316298 mean: 1.4368406876650721
Test Acc: max: 0.8181818290190264 mean: 0.5527272866259922
######################################################
 History train loss: 
[8.19115099e-01 7.52319198e-01 7.66655119e-01 8.05382582e-01
 7.52229586e-01 7.54508729e-01 7.51486666e-01 8.81781821e-01
 7.35895391e-01 7.06068918e-01 6.56517984e-01 5.99850380e-01
 5.50686019e-01 7.46096176e-01 5.91726797e-01 6.74270629e-01
 6.50612964e-01 4.55055825e-01 4.25356810e-01 4.53916410e-01
 3.25870102e-01 3.92537473e-01 3.91407274e-01 1.97755813e-01
 1.50991302e-01 9.93760708e-02 8.55569614e-02 4.97747932e-02
 7.38848458e-02 1.01514205e-01 2.31508367e-01 3.99256140e-01
 4.52036326e-01 4.40314573e-01 2.19708433e-01 7.90054199e-02
 3.13355971e-02 1.47561429e-02 7.71199017e-03 7.86918176e-03
 4.93548948e-03 4.27464372e-03 3.79416332e-03 1.59811848e-02
 1.22657440e-02 6.89367712e-03 7.23057385e-03 3.51493090e-03
 2.28143305e-03 3.32066102e-03 2.18926714e-03 3.74244250e-03
 1.63414092e-03 1.27531857e-03 1.22797153e-03 1.34042372e-03
 2.13285216e-03 8.20122482e-04 5.35328973e-03 2.30473401e-03
 1.20363660e-03 7.11626712e-04 1.27185910e-03 1.14291349e-03
 5.75382012e-04 4.47680553e-04 1.19820714e-03 7.09064840e-04
 6.50154294e-04 6.04562074e-04 4.94896603e-04 3.11171574e-04
 3.57394114e-04 3.25651846e-04 3.41123216e-04 3.98774202e-04
 2.44409253e-04 5.52233983e-04 3.85075236e-04 6.59668259e-04
 2.27547945e-04 1.93611544e-04 2.24225257e-04 2.38611228e-04
 1.90560215e-04 1.98845439e-04 1.71073792e-04 1.62991496e-04
 2.00412227e-04 1.18730538e-04 1.23120542e-04 2.45136455e-04
 1.67990736e-04 1.84068257e-04 1.12968132e-04 1.00140980e-04
 2.20304053e-04 8.77135925e-05 1.37971867e-04 1.95200478e-04]
 History train acc: 
[0.60185187 0.53703705 0.50925927 0.54629631 0.51851853 0.52777779
 0.56481483 0.52777779 0.53703705 0.60185186 0.62037038 0.67592594
 0.71296297 0.61111112 0.72222223 0.62037038 0.66666668 0.76851853
 0.81481482 0.7314815  0.86111112 0.79629631 0.78703705 0.90740741
 0.95370371 0.96296297 0.98148148 0.99074074 0.97222222 0.96296297
 0.90740741 0.78703705 0.85185186 0.80555556 0.92592593 0.97222222
 1.         1.         1.         1.         1.         1.
 1.         0.99074074 1.         1.         1.         1.
 1.         1.         1.         1.         1.         1.
 1.         1.         1.         1.         1.         1.
 1.         1.         1.         1.         1.         1.
 1.         1.         1.         1.         1.         1.
 1.         1.         1.         1.         1.         1.
 1.         1.         1.         1.         1.         1.
 1.         1.         1.         1.         1.         1.
 1.         1.         1.         1.         1.         1.
 1.         1.         1.         1.        ]
 History test loss: 
[2.8450734  2.41952464 1.3629088  0.78358408 0.72901888 0.83143625
 0.76721567 0.87520049 0.82477854 0.7949238  0.85323271 1.08805384
 1.6771807  0.96051513 1.07542132 1.07529924 0.91797746 1.09787302
 1.59431365 1.45537179 1.69681701 3.17617994 2.88832773 1.93238997
 2.36380835 2.04406119 2.40853485 1.17566507 2.44796352 2.55945576
 2.23371799 5.37956762 1.83298952 2.61118135 2.32478947 0.98482883
 0.66268369 0.82452945 1.07017438 1.32566698 1.59099619 1.64310561
 1.67887296 1.36717732 1.50422421 1.51147442 1.75910816 1.77727324
 1.82923327 2.0265178  2.12473028 2.13746646 1.99035534 2.00554149
 2.03772077 2.07176259 2.13908024 2.17743241 2.64625752 2.68911924
 2.66870005 2.66644915 2.49460426 2.55604943 2.57053339 2.58450908
 2.55850877 2.5425337  2.59709101 2.65401167 2.64221468 2.62862223
 2.61471216 2.61406924 2.59992513 2.57721148 2.5721472  2.63693645
 2.65744801 2.84719419 2.85135138 2.85208863 2.84410931 2.83868331
 2.83690843 2.82315459 2.84025024 2.84277481 2.86953797 2.878868
 2.87145451 2.88904712 2.89585254 2.91240009 2.94553341 2.93898306
 2.94774319 2.94559141 2.93989472 2.93793528]
 History test loss: 
[0.54545455 0.45454547 0.54545456 0.54545456 0.54545456 0.18181818
 0.54545456 0.54545456 0.36363638 0.54545456 0.54545456 0.45454546
 0.18181818 0.27272728 0.45454547 0.36363637 0.36363637 0.45454547
 0.54545457 0.36363637 0.45454547 0.36363637 0.45454547 0.36363637
 0.36363637 0.45454547 0.36363637 0.45454546 0.27272728 0.54545457
 0.45454546 0.45454547 0.45454546 0.45454547 0.45454547 0.72727274
 0.63636364 0.63636364 0.63636364 0.63636366 0.54545456 0.54545456
 0.54545456 0.54545456 0.54545456 0.54545456 0.54545456 0.54545456
 0.54545456 0.54545456 0.54545456 0.54545456 0.54545456 0.54545456
 0.54545456 0.54545456 0.54545456 0.54545456 0.54545456 0.54545456
 0.54545456 0.54545456 0.54545456 0.54545456 0.54545456 0.54545456
 0.54545456 0.54545456 0.54545456 0.54545456 0.54545456 0.54545456
 0.54545456 0.54545456 0.54545456 0.54545456 0.54545456 0.54545456
 0.54545456 0.54545456 0.54545456 0.54545456 0.54545456 0.54545456
 0.54545456 0.54545456 0.54545456 0.54545456 0.54545456 0.54545456
 0.54545456 0.54545456 0.54545456 0.54545456 0.54545456 0.54545456
 0.54545456 0.54545456 0.54545456 0.54545456]
Train Loss: 0.17384303888679217
Train Acc: 0.9083333367288665
Test Loss: min: 0.6626836887814782 mean: 2.146653188966977
Test Acc: max: 0.7272727435285394 mean: 0.5118181941184132
######################################################
 History train loss: 
[8.50301306e-01 7.99580267e-01 7.55729884e-01 8.36273868e-01
 7.66796798e-01 7.32744334e-01 7.59345817e-01 8.34896528e-01
 7.70650150e-01 7.94079022e-01 7.41040361e-01 6.90605460e-01
 7.13419139e-01 6.34129821e-01 7.72865741e-01 7.60139067e-01
 7.70110293e-01 6.85766333e-01 7.32614429e-01 6.22686992e-01
 5.89849087e-01 5.52752018e-01 5.79672263e-01 4.59739382e-01
 4.54937035e-01 3.91503678e-01 5.13287988e-01 6.37284355e-01
 5.32381239e-01 4.14100079e-01 4.60111031e-01 4.34665723e-01
 4.11022723e-01 2.68550432e-01 2.50304600e-01 2.19365144e-01
 1.68621599e-01 2.60720337e-01 2.02379645e-01 9.66611001e-02
 5.86345846e-02 3.42263326e-02 2.27924233e-02 1.57708262e-02
 9.82078941e-03 5.81714387e-03 3.12659476e-02 1.21566072e-01
 3.95067065e-01 6.67211951e-01 4.83897738e-01 3.42653972e-01
 2.84326199e-01 1.43016420e-01 1.87417173e-01 1.01200440e-01
 1.49758872e-01 2.04884530e-01 6.15408339e-02 3.64841468e-02
 4.15326382e-02 1.19955310e-02 7.82764416e-03 3.82031897e-03
 2.69937908e-03 1.66026162e-03 8.33710407e-03 4.14779420e-03
 3.07797021e-03 1.28305179e-03 9.35546934e-04 1.48246530e-03
 7.29430532e-04 7.14594034e-04 9.32996050e-04 8.47471481e-04
 4.45535214e-04 9.73042399e-04 4.46402447e-04 4.40943687e-04
 4.88173463e-04 3.78030661e-04 3.96500477e-04 4.98071147e-04
 3.45011656e-04 3.07571040e-04 3.77930622e-04 4.79562617e-04
 4.10847641e-04 3.24442263e-04 3.34782552e-04 3.48118679e-04
 2.56448433e-04 3.69600677e-04 3.18309280e-04 2.38543946e-04
 2.04269330e-04 1.59146908e-04 2.85055831e-04 2.26316686e-04]
 History train acc: 
[0.49074075 0.51851853 0.56481483 0.50000001 0.50925927 0.50000001
 0.55555557 0.50925927 0.51851853 0.55555557 0.56481483 0.62962965
 0.61111112 0.66666668 0.60185187 0.54629631 0.56481483 0.6388889
 0.55555557 0.64814816 0.6851852  0.73148149 0.67592594 0.78703705
 0.80555556 0.76851853 0.79629631 0.73148149 0.74074075 0.82407408
 0.77777779 0.76851853 0.80555557 0.89814815 0.87037038 0.90740741
 0.91666667 0.90740741 0.92592593 0.97222222 0.98148148 1.
 1.         1.         1.         1.         0.98148148 0.95370371
 0.86111112 0.73148149 0.76851853 0.87037038 0.87037038 0.94444445
 0.93518519 0.96296297 0.92592593 0.91666667 0.96296297 0.99074074
 0.99074074 1.         1.         1.         1.         1.
 1.         1.         1.         1.         1.         1.
 1.         1.         1.         1.         1.         1.
 1.         1.         1.         1.         1.         1.
 1.         1.         1.         1.         1.         1.
 1.         1.         1.         1.         1.         1.
 1.         1.         1.         1.        ]
 History test loss: 
[7.32788282 3.54591788 5.53246391 2.39745404 0.95850305 5.04321237
 7.32640701 0.94218122 0.78260447 0.67686605 2.25854507 1.01330454
 1.04930247 1.21171079 0.79567101 0.79113919 0.93688596 2.10901025
 1.36324955 2.2060354  1.04637277 0.99341699 0.889929   1.5065076
 1.0512091  2.03209413 1.42111796 1.2733303  2.19209227 2.42379362
 3.2006035  2.29652831 1.33236413 1.13662729 0.91791689 2.03549504
 1.24479638 1.20952148 2.26305619 1.35559729 1.61602043 1.94126347
 1.20776175 1.67715422 2.5721883  2.13640214 1.37800155 1.57751166
 3.97169463 1.56955555 2.38750652 3.05125167 3.1915131  4.16616974
 3.52952961 4.27155527 2.1381761  3.40552176 4.10723706 3.91981246
 4.09004039 3.68218452 3.25529096 3.43268312 3.53405741 3.60062043
 3.18786642 3.52964222 3.65942646 3.64756563 3.66788134 3.67449828
 3.68348775 3.69248403 3.679707   3.73641923 3.75689819 3.74737044
 3.76850838 3.80638334 3.82898412 3.86931976 3.90501378 3.90594013
 3.940607   3.96528694 4.00555911 4.05590105 4.06481796 4.04606769
 4.04553914 4.0612329  4.08091472 4.09067732 4.11542467 4.1226559
 4.12385412 4.13819801 4.14096198 4.14801241]
 History test loss: 
[0.54545456 0.54545456 0.54545456 0.54545456 0.54545457 0.63636364
 0.54545456 0.54545455 0.36363637 0.54545457 0.45454547 0.54545456
 0.36363637 0.45454547 0.45454547 0.36363637 0.54545456 0.54545456
 0.54545456 0.45454547 0.45454547 0.54545455 0.54545455 0.36363637
 0.54545457 0.36363638 0.36363638 0.45454546 0.45454547 0.27272728
 0.36363637 0.54545455 0.45454546 0.27272728 0.54545455 0.45454545
 0.54545455 0.45454547 0.45454546 0.45454547 0.45454547 0.63636364
 0.63636364 0.45454547 0.63636364 0.63636364 0.63636364 0.45454547
 0.45454546 0.45454547 0.36363637 0.36363638 0.54545455 0.54545455
 0.45454547 0.45454547 0.54545455 0.45454547 0.45454547 0.54545455
 0.54545455 0.45454547 0.45454546 0.45454546 0.45454546 0.45454546
 0.54545455 0.45454547 0.45454547 0.45454547 0.54545455 0.54545455
 0.54545455 0.54545455 0.54545455 0.54545455 0.54545455 0.54545455
 0.54545455 0.54545455 0.54545455 0.54545455 0.54545455 0.45454546
 0.45454546 0.45454546 0.54545455 0.54545455 0.45454546 0.45454546
 0.45454546 0.45454546 0.45454546 0.45454546 0.45454546 0.54545455
 0.45454546 0.45454546 0.45454546 0.45454546]
Train Loss: 0.2638011538084054
Train Acc: 0.8619444494542701
Test Loss: min: 0.6768660545349121 mean: 2.873945285543645
Test Acc: max: 0.6363636444915425 mean: 0.49000000921162695
######################################################