
 History train loss: 
[0.85049678 0.85512937 0.80509328 0.7936234  0.75653111 0.79863909
 0.70739056 0.74606702 0.75612692 0.71545323 0.81422584 0.70792618
 0.68606055 0.68642737 0.63276754 0.55788577 0.75198374 0.58000183
 0.71732967 0.68185264 0.79026123 0.70921065 0.6003075  0.62590397
 0.69476821 0.61501426 0.579239   0.56008156 0.45224853 0.46784932
 0.40649109 0.52660682 0.4491457  0.34179235 0.39073537 0.3065838
 0.53948602 0.38469161 0.28383727 0.21261591 0.20940953 0.17398496
 0.36732418 0.62686816 0.29632162 0.25810277 0.12828394 0.08654467
 0.06169838 0.05717496 0.03424926 0.01683358 0.01201111 0.00570794
 0.00754433 0.00590796 0.0041483  0.00518933 0.00566078 0.00813984
 0.00228706 0.00182158 0.00330814 0.00277722 0.00373872 0.00712538
 0.00821259 0.00417673 0.00185751 0.00171216 0.00963506 1.53329902
 0.76223209 0.60395576 0.7725759  0.45060727 0.50479599 0.58839289
 0.34718288 0.31425301 0.34112166 0.2416327  0.20687769 0.13044472
 0.08687772 0.22870711 0.10692217 0.05425903 0.02014449 0.02129044
 0.01326047 0.08061361 1.06228068 0.6610072  0.65361906 0.34126051
 0.20951025 0.21352042 0.07911116 0.08840712]
 History train acc: 
[0.51886794 0.56603775 0.54716982 0.43396227 0.49056605 0.50943398
 0.56603775 0.53773586 0.56603775 0.54716982 0.49056605 0.59433963
 0.53773586 0.58490567 0.61320756 0.74528303 0.58490567 0.6792453
 0.61320756 0.57547171 0.55660379 0.6037736  0.64150945 0.66037737
 0.64150945 0.64150945 0.70754718 0.69811322 0.82075473 0.76415095
 0.78301888 0.73584907 0.8018868  0.84905661 0.77358492 0.86792453
 0.74528303 0.85849057 0.90566038 0.94339623 0.89622642 0.93396227
 0.84905661 0.78301888 0.83962265 0.89622642 0.96226415 0.97169811
 1.         0.98113208 1.         1.         1.         1.
 1.         1.         1.         1.         1.         1.
 1.         1.         1.         1.         1.         1.
 1.         1.         1.         1.         0.99056604 0.61320756
 0.69811322 0.71698114 0.66981133 0.78301888 0.76415095 0.78301888
 0.83962265 0.8773585  0.84905661 0.92452831 0.92452831 0.96226415
 0.98113208 0.90566038 0.97169811 0.99056604 1.         1.
 1.         0.98113208 0.62264152 0.69811322 0.66037737 0.84905661
 0.95283019 0.89622642 0.99056604 0.98113208]
 History test loss: 
[3.72362291 7.43912112 0.96337433 0.80114239 0.9539034  0.45585115
 1.50511728 1.42401758 0.80871482 0.83647431 1.73030615 4.17837549
 2.36239061 1.59941459 2.88989764 3.51702088 1.14926214 4.02756191
 1.83163651 4.00866634 1.47706844 1.67072446 0.97400603 2.54522919
 0.55397371 1.06968043 0.70427422 1.40935637 0.69272267 0.73422833
 1.79360489 0.84083675 1.08171453 1.70126718 0.70686277 2.26911445
 1.72913883 0.93690501 0.73067167 0.59883156 1.55149117 1.2266002
 3.66975379 3.87300865 2.58438059 1.41482259 1.16828007 1.17619682
 1.31840863 1.22425881 1.25023819 1.24650585 1.38573408 1.57450414
 1.56719138 1.62377072 1.55610776 1.69380462 1.98846059 2.02980546
 2.05823693 2.16932048 2.02829808 2.03020776 2.37412893 1.90616954
 2.15835744 2.26732815 2.44636808 2.39552313 3.55699012 6.93723828
 5.75612645 4.28160653 2.91027677 2.83036498 1.10026051 2.04299763
 2.01611798 1.82443894 1.48402905 2.00242833 1.49171812 1.85159667
 1.11179983 1.54517198 1.40716771 1.71466722 2.31341386 2.39688581
 1.9885395  1.38247313 0.83128778 0.88466685 1.15325365 0.87610072
 1.1092037  1.11037399 1.66355971 1.53733275]
 History test loss: 
[0.53846155 0.53846154 0.38461539 0.38461539 0.53846155 0.76923078
 0.53846154 0.46153848 0.53846154 0.61538464 0.61538463 0.61538463
 0.46153848 0.6923077  0.53846156 0.6923077  0.76923077 0.6923077
 0.61538463 0.53846155 0.53846154 0.53846154 0.53846154 0.61538463
 0.76923078 0.76923078 0.6923077  0.6923077  0.61538463 0.6923077
 0.76923077 0.6923077  0.76923077 0.76923077 0.6923077  0.6923077
 0.76923077 0.76923077 0.76923077 0.76923077 0.76923077 0.76923077
 0.6923077  0.61538463 0.61538463 0.61538463 0.61538463 0.61538463
 0.6923077  0.61538463 0.6923077  0.69230769 0.61538462 0.69230769
 0.69230769 0.69230769 0.69230769 0.69230769 0.69230769 0.76923077
 0.76923077 0.76923077 0.76923077 0.76923077 0.69230769 0.76923077
 0.6923077  0.69230769 0.69230769 0.69230769 0.53846154 0.53846154
 0.53846154 0.61538463 0.6923077  0.61538463 0.53846155 0.61538463
 0.6923077  0.6923077  0.76923077 0.6923077  0.76923077 0.61538463
 0.69230771 0.69230771 0.69230771 0.76923078 0.69230771 0.6923077
 0.76923078 0.84615386 0.53846155 0.61538463 0.69230771 0.61538464
 0.61538464 0.61538463 0.46153847 0.61538463]
Train Loss: 0.3767380282358315
Train Acc: 0.8129245350130323
Test Loss: min: 0.45585115182285124 mean: 1.9049543419965422
Test Acc: max: 0.8461538553237915 mean: 0.658461546554015
######################################################
 History train loss: 
[9.46249823e-01 9.46757693e-01 8.18743928e-01 7.12867439e-01
 7.94996483e-01 6.93473544e-01 6.26706353e-01 5.69208725e-01
 4.94742931e-01 7.21471727e-01 7.00214667e-01 6.24900335e-01
 6.46611989e-01 6.92008878e-01 5.31830715e-01 3.87039601e-01
 4.14730478e-01 7.14069633e-01 4.57157942e-01 4.57017550e-01
 5.96541909e-01 6.09989252e-01 4.50490169e-01 4.02055592e-01
 3.08160214e-01 3.04340320e-01 2.72826636e-01 2.28514128e-01
 1.44449353e-01 1.17050169e-01 9.15416600e-02 6.12928192e-01
 8.14504622e-01 1.14403199e+00 5.55668093e-01 3.64605310e-01
 2.74501730e-01 2.08813133e-01 1.37788954e-01 7.36213074e-02
 6.09338662e-02 1.04436413e-01 1.47292771e-01 1.01926696e-01
 9.34865909e-02 7.32364686e-02 1.89657092e-02 3.28617233e-02
 4.03258461e-02 1.72337131e-02 1.03315917e-02 6.37853337e-03
 4.25135189e-03 3.79820789e-03 1.23215953e-02 4.99634889e-03
 3.52985523e-03 1.67729563e-03 1.10079724e-03 1.58371819e-03
 9.83386067e-04 1.45786461e-03 9.93450475e-04 9.32527314e-04
 5.48603288e-04 6.40199456e-04 4.16836766e-04 3.09169719e-04
 8.37494939e-04 4.84202779e-04 7.18202730e-04 7.25620387e-04
 8.96106267e-04 1.24276992e-03 9.30222032e-04 7.11003156e-04
 3.40602635e-04 5.77301467e-02 1.65493253e+00 1.21297189e+00
 7.67271049e-01 4.66059923e-01 4.13799938e-01 3.65589032e-01
 2.54312372e-01 2.28885662e-01 1.89905130e-01 1.66891606e-01
 1.66926241e-01 1.26120711e-01 1.61068166e-01 2.90774804e-01
 2.66319567e-01 3.09861929e-01 2.17365798e-01 1.19220384e-01
 9.63353601e-02 1.07644328e-01 6.75225797e-02 4.05113090e-02]
 History train acc: 
[0.53773586 0.46226416 0.53773586 0.5283019  0.6037736  0.62264152
 0.6792453  0.67924529 0.8018868  0.63207549 0.62264152 0.74528303
 0.70754718 0.68867926 0.72641511 0.8018868  0.83962265 0.65094341
 0.8018868  0.79245284 0.76415095 0.73584907 0.81132077 0.84905661
 0.84905661 0.83962265 0.8773585  0.91509434 0.96226415 0.98113208
 0.97169811 0.73584907 0.76415095 0.63207548 0.71698114 0.83018869
 0.91509434 0.92452831 0.94339623 1.         0.99056604 0.97169811
 0.95283019 0.95283019 0.95283019 0.98113208 1.         0.99056604
 0.99056604 1.         1.         1.         1.         1.
 1.         1.         1.         1.         1.         1.
 1.         1.         1.         1.         1.         1.
 1.         1.         1.         1.         1.         1.
 1.         1.         1.         1.         1.         0.99056604
 0.58490567 0.64150945 0.66981133 0.73584907 0.83018869 0.82075473
 0.85849057 0.90566038 0.91509434 0.95283019 0.93396227 0.94339623
 0.95283019 0.86792453 0.8773585  0.83962265 0.91509434 0.97169811
 0.97169811 0.96226415 0.98113208 0.99056604]
 History test loss: 
[ 7.43912092  2.78397534  1.62126953  2.31694907  1.13859313  3.10180549
  3.10101648  1.51571094  3.94920616  1.43289152  1.40743866  6.58393926
  3.45014795  2.53016835  1.31433127  1.2108742   2.45394135  1.25496538
  1.69252759  1.69139336  3.78321607  4.67467022  2.62779845  2.39848965
  1.72885703  1.72112285  2.0891989   1.90244983  1.79782584  1.51221469
  1.55836164  3.46171719  1.93202828  1.01323177  2.92132938  1.69241151
  2.16289033  1.33562815  1.46114964  1.84016212  1.74811184  1.56729017
  2.02640977  1.56078159  1.55537492  3.1101557   2.44943529  1.92308848
  2.97195111  2.64649647  2.43117361  2.38758494  2.15929376  1.72953777
  1.16551733  1.83683317  2.01044011  2.02060513  2.01913443  1.97129802
  2.01318475  1.98661389  2.11562536  2.19431367  2.13550973  2.15446007
  2.21751592  2.26436227  2.27359617  2.26510375  2.32715193  2.72192715
  2.64047342  1.93393789  2.2534397   2.3218084   2.34093531  1.08187894
 12.08865628  7.90334434  7.06741623  4.41719018  4.72836769  3.14242669
  3.67626122  2.79353608  2.63059488  2.74529441  3.3432126   2.94142233
  2.41104082  1.73519446  6.11402682  5.02325384  3.07456715  2.80828335
  3.60841448  3.06136623  3.55790826  3.63974626]
 History test loss: 
[0.53846155 0.46153848 0.46153848 0.53846155 0.46153847 0.53846155
 0.38461539 0.46153848 0.46153848 0.46153848 0.30769231 0.53846155
 0.46153848 0.46153848 0.46153848 0.3846154  0.53846155 0.30769231
 0.30769232 0.30769232 0.38461539 0.53846155 0.46153848 0.38461539
 0.38461539 0.3846154  0.46153847 0.3846154  0.46153847 0.38461539
 0.46153847 0.46153847 0.53846155 0.53846155 0.61538462 0.53846155
 0.46153848 0.46153848 0.38461539 0.46153847 0.61538463 0.3846154
 0.46153847 0.61538462 0.46153847 0.61538462 0.46153847 0.46153847
 0.3846154  0.38461539 0.46153847 0.38461539 0.38461539 0.46153848
 0.69230771 0.3846154  0.3846154  0.3846154  0.46153847 0.46153847
 0.46153847 0.3846154  0.46153847 0.46153847 0.46153847 0.46153847
 0.46153847 0.46153847 0.46153847 0.46153847 0.46153847 0.3846154
 0.30769232 0.46153847 0.46153847 0.46153847 0.46153847 0.69230771
 0.15384616 0.46153848 0.38461539 0.53846155 0.6923077  0.6923077
 0.46153848 0.30769232 0.30769232 0.23076923 0.30769231 0.23076923
 0.23076924 0.53846155 0.30769232 0.23076923 0.30769231 0.15384616
 0.23076924 0.23076923 0.15384616 0.23076923]
Train Loss: 0.29165080975006263
Train Acc: 0.8737735900817052
Test Loss: min: 1.0132317703503828 mean: 2.6864889606708084
Test Acc: max: 0.692307710647583 mean: 0.4292307789509114
######################################################
 History train loss: 
[8.04904197e-01 7.61584199e-01 8.15948131e-01 8.31874513e-01
 7.41751672e-01 8.05671691e-01 7.83073541e-01 6.40469347e-01
 6.22454467e-01 6.74833632e-01 7.20355446e-01 6.81163144e-01
 6.45389540e-01 4.48197638e-01 4.82572430e-01 6.18530296e-01
 5.30740600e-01 3.48484203e-01 3.46921031e-01 2.65041872e-01
 2.29903565e-01 2.16673139e-01 2.13847129e-01 1.57926632e-01
 7.00694986e-02 3.58817503e-02 1.75467752e-02 2.04723559e-02
 1.85647380e-02 1.39416863e-02 1.36661194e-02 5.12710164e-03
 2.58991980e-03 2.32169188e-03 1.70740523e-03 1.34960449e-03
 1.08095261e-03 8.61536669e-04 8.28244490e-04 7.93668946e-04
 8.01156345e-04 5.62875545e-04 8.00935102e-04 6.27719394e-04
 5.22735430e-04 4.01200127e-04 4.23447826e-04 4.08323980e-04
 5.46394496e-04 3.41145401e-04 2.70213556e-04 2.74190518e-04
 2.53164100e-04 2.51130755e-04 2.76216709e-04 1.93314074e-04
 2.23268979e-04 2.32276841e-04 1.92765076e-04 1.56991020e-04
 1.63083997e-04 1.23326112e-04 1.17539858e-04 1.38996647e-04
 9.04995903e-05 1.12431735e-04 1.16461313e-04 8.45907927e-05
 9.66110683e-05 1.05398264e-04 8.39631044e-05 1.13747130e-04
 8.06997453e-05 7.92288506e-05 6.52438618e-05 6.21296192e-05
 7.30574294e-05 5.55351523e-05 5.89386561e-05 6.91713450e-05
 5.52381137e-05 4.60144561e-05 7.95081181e-05 6.15189489e-05
 5.42112335e-05 5.68508103e-05 7.73413969e-05 5.26475039e-05
 4.16315767e-05 3.80198796e-05 4.08354430e-05 2.92364124e-05
 6.73146829e-05 5.70919731e-05 3.11051299e-05 3.07454599e-05
 3.15022325e-05 6.06078384e-05 4.21239165e-05 2.76681920e-05]
 History train acc: 
[0.49532712 0.57009347 0.5233645  0.54205608 0.57943926 0.5233645
 0.5233645  0.66355141 0.61682244 0.682243   0.61682244 0.59813085
 0.67289721 0.81308412 0.76635515 0.67289721 0.71962618 0.88785047
 0.83177571 0.91588786 0.95327103 0.94392524 0.93457944 0.94392524
 1.         1.         1.         1.         1.         1.
 1.         1.         1.         1.         1.         1.
 1.         1.         1.         1.         1.         1.
 1.         1.         1.         1.         1.         1.
 1.         1.         1.         1.         1.         1.
 1.         1.         1.         1.         1.         1.
 1.         1.         1.         1.         1.         1.
 1.         1.         1.         1.         1.         1.
 1.         1.         1.         1.         1.         1.
 1.         1.         1.         1.         1.         1.
 1.         1.         1.         1.         1.         1.
 1.         1.         1.         1.         1.         1.
 1.         1.         1.         1.        ]
 History test loss: 
[0.88655352 2.76719864 1.34758228 0.96250828 1.37460477 0.72653976
 0.99761364 0.74731638 1.35687514 1.29440897 1.10478419 0.7525468
 1.2258746  1.13975224 0.91922166 1.54140632 1.776834   1.51348446
 2.86649811 3.27505596 1.2743639  1.32716121 1.45052518 2.50931857
 2.90703028 2.36173224 2.37363831 2.86982237 2.29471368 2.12158157
 2.55494821 2.71577177 2.60512569 2.54429873 2.53819901 2.64550773
 2.72401961 2.73763949 2.76635989 2.82400537 2.82988067 2.91095187
 2.92197245 2.97959695 3.02559368 3.08001888 3.06870923 3.08750637
 3.12031595 3.18555464 3.22000492 3.22949797 3.23812753 3.26072729
 3.31987927 3.31296414 3.31152115 3.40586893 3.37370648 3.33677709
 3.32206859 3.34787899 3.38015425 3.37582517 3.37919948 3.39650909
 3.40976451 3.45211866 3.4344905  3.46132988 3.47226803 3.51311006
 3.53511844 3.60005873 3.67660552 3.68353363 3.62551741 3.70783025
 3.6957675  3.69023327 3.69366582 3.6971915  3.73043205 3.73808559
 3.74097351 3.71408212 3.67770787 3.6741815  3.72770774 3.73553741
 3.72595924 3.74313436 3.7778211  3.76594816 3.77615625 3.79473257
 3.81746119 3.80804431 3.85426478 3.84734831]
 History test loss: 
[0.58333334 0.41666668 0.41666668 0.66666667 0.58333334 0.58333334
 0.25       0.58333334 0.50000001 0.58333334 0.58333334 0.50000001
 0.41666667 0.41666668 0.33333334 0.50000001 0.58333335 0.58333335
 0.58333335 0.41666668 0.66666669 0.58333335 0.5        0.58333335
 0.41666668 0.50000001 0.50000001 0.58333334 0.41666667 0.41666668
 0.41666668 0.58333335 0.50000002 0.50000002 0.50000002 0.50000002
 0.50000002 0.50000002 0.50000002 0.50000002 0.50000002 0.50000002
 0.50000002 0.50000002 0.50000002 0.50000002 0.50000002 0.50000002
 0.50000002 0.50000002 0.50000002 0.50000002 0.50000002 0.50000002
 0.50000002 0.50000002 0.50000002 0.50000002 0.50000002 0.50000002
 0.50000002 0.50000002 0.50000002 0.50000002 0.50000002 0.50000002
 0.50000002 0.50000002 0.50000002 0.50000002 0.50000002 0.50000002
 0.50000002 0.50000002 0.50000002 0.50000002 0.50000002 0.50000002
 0.50000002 0.50000002 0.50000002 0.50000002 0.50000002 0.50000002
 0.50000002 0.50000002 0.50000002 0.50000002 0.50000002 0.50000002
 0.50000002 0.50000002 0.50000002 0.50000002 0.50000002 0.50000002
 0.50000002 0.50000002 0.50000002 0.50000002]
Train Loss: 0.13605746438367777
Train Acc: 0.9299065442801079
Test Loss: min: 0.7265397558609644 mean: 2.8514141536069415
Test Acc: max: 0.6666666865348816 mean: 0.5025000168010593
######################################################
 History train loss: 
[8.03033184e-01 8.75285979e-01 8.87517512e-01 8.35343144e-01
 7.99872773e-01 7.85413843e-01 6.75712285e-01 8.01897834e-01
 6.97648500e-01 7.39424497e-01 7.53854030e-01 6.41372986e-01
 6.52841591e-01 7.16126893e-01 7.00864524e-01 6.53479973e-01
 6.47796452e-01 5.04086852e-01 7.02388964e-01 6.44676544e-01
 7.00830817e-01 6.61157340e-01 5.29293768e-01 5.57146605e-01
 6.12445823e-01 4.77598734e-01 5.26671903e-01 4.96211558e-01
 3.08384944e-01 4.79246927e-01 3.44597816e-01 2.25050199e-01
 2.33272739e-01 1.55765773e-01 1.12416466e-01 1.01415815e-01
 1.22268726e-01 8.86390964e-02 7.99988335e-02 1.02938959e-01
 5.59663121e-02 3.36395479e-02 3.42430875e-02 6.18069409e-02
 6.51325082e-02 5.16018062e-02 6.20736400e-02 6.29926859e-02
 7.12227322e-02 5.31157640e-02 2.06871314e-01 2.07737562e-01
 7.45219748e-02 2.33119048e-02 1.31331689e-02 1.82319459e-02
 7.51028274e-03 3.08469135e-03 4.64354540e-03 3.13034917e-03
 1.93714024e-03 1.24445868e-03 1.13748841e-03 1.55056623e-03
 1.21037187e-03 8.56044217e-04 1.52761068e-03 1.28376857e-03
 2.09679303e-03 2.38080805e-03 3.07757752e-03 1.52864985e-03
 8.95645647e-04 5.05389150e-04 9.25323780e-04 5.76288207e-04
 4.26546501e-04 2.95701811e-04 4.22020962e-04 5.50421381e-04
 6.04523139e-04 2.99026238e-04 8.69350026e-04 3.86355344e-04
 3.43940929e-04 2.77657187e-04 2.92067169e-04 1.96876951e-04
 3.65591429e-04 2.30695944e-04 3.70887920e-04 2.63532849e-04
 2.40934496e-04 4.01696265e-04 3.72924107e-04 2.47492423e-04
 2.52960012e-04 2.97198983e-04 2.45184370e-04 2.44268524e-04]
 History train acc: 
[0.58878506 0.46728973 0.55140188 0.56074768 0.42056076 0.53271029
 0.63551403 0.54205608 0.58878506 0.59813086 0.54205609 0.63551403
 0.64485983 0.58878506 0.58878506 0.63551403 0.64485982 0.72897198
 0.61682244 0.66355142 0.55140188 0.63551404 0.71028038 0.72897198
 0.66355142 0.74766356 0.76635515 0.77570095 0.8504673  0.75700936
 0.8411215  0.92523365 0.91588786 0.95327103 0.97196262 0.95327103
 0.98130841 0.95327103 0.98130841 0.97196262 0.99065421 0.99065421
 0.99065421 0.98130841 0.97196262 0.98130841 0.98130841 0.97196262
 0.97196262 0.97196262 0.92523365 0.92523365 0.97196262 1.
 1.         1.         1.         1.         1.         1.
 1.         1.         1.         1.         1.         1.
 1.         1.         1.         1.         1.         1.
 1.         1.         1.         1.         1.         1.
 1.         1.         1.         1.         1.         1.
 1.         1.         1.         1.         1.         1.
 1.         1.         1.         1.         1.         1.
 1.         1.         1.         1.        ]
 History test loss: 
[0.70659649 1.1648121  1.1197471  0.74580519 0.91996921 0.93181077
 2.1017411  0.72647368 1.01417152 0.78678066 0.92589745 0.76645787
 0.96215351 1.02915305 0.87713381 1.58148754 1.0417013  2.16656611
 1.81919279 1.38198599 1.48330508 2.4458504  2.18527484 3.41752164
 1.07039986 1.851324   0.82202117 1.78839894 2.41935063 1.28650452
 1.34272237 1.25417513 2.08844005 1.41765771 1.91648581 1.85864429
 2.28092515 2.9921237  2.07691578 3.30830464 2.33232095 2.18379301
 2.75850295 2.56189297 3.12921324 2.06647381 2.27887541 2.93393707
 2.51630094 2.19132918 1.34777575 2.39302271 4.04025449 3.84770375
 3.31389003 3.3221649  3.04533253 2.91513216 2.77039178 2.2739784
 2.32842152 2.36745712 2.43348953 2.38166197 2.44516008 2.49198225
 2.52853504 2.42783862 2.59189053 2.66331109 2.53557124 2.74923132
 2.79943378 2.84217001 2.9114493  2.9917481  3.03311479 3.08948497
 3.10490066 3.12347005 3.16545237 3.22003745 3.31108537 3.29730023
 3.29631185 3.30333432 3.30894364 3.31975676 3.353074   3.38700665
 3.37019167 3.38324842 3.39356333 3.39946983 3.41613216 3.45402228
 3.40842539 3.40252444 3.40690483 3.39511438]
 History test loss: 
[0.58333335 0.58333335 0.41666667 0.58333335 0.41666667 0.50000002
 0.41666667 0.58333335 0.41666667 0.58333335 0.33333334 0.50000001
 0.58333335 0.58333335 0.50000001 0.50000001 0.41666668 0.25
 0.33333334 0.41666667 0.41666667 0.25       0.25       0.33333334
 0.50000001 0.50000001 0.66666668 0.41666667 0.50000001 0.66666667
 0.50000001 0.50000001 0.50000001 0.58333335 0.41666668 0.50000001
 0.41666668 0.33333334 0.50000001 0.50000001 0.50000001 0.58333333
 0.41666668 0.41666668 0.41666668 0.41666668 0.50000001 0.41666667
 0.58333333 0.50000001 0.50000001 0.50000001 0.33333334 0.41666668
 0.50000001 0.50000001 0.50000001 0.50000001 0.58333334 0.58333334
 0.58333334 0.58333334 0.58333334 0.58333334 0.58333334 0.58333334
 0.58333334 0.58333334 0.58333334 0.58333334 0.50000001 0.58333334
 0.58333334 0.58333334 0.58333334 0.58333334 0.58333334 0.58333334
 0.58333334 0.58333334 0.58333334 0.50000001 0.41666668 0.41666668
 0.50000001 0.50000001 0.50000001 0.50000001 0.41666668 0.41666668
 0.41666668 0.41666668 0.41666668 0.41666668 0.41666668 0.41666668
 0.41666668 0.41666668 0.41666668 0.41666668]
Train Loss: 0.22579194743929912
Train Acc: 0.8803738360023386
Test Loss: min: 0.7065964887539545 mean: 2.3713049034774305
Test Acc: max: 0.6666666815678278 mean: 0.4891666758805513
######################################################
 History train loss: 
[9.00185203e-01 8.93202723e-01 7.93341106e-01 8.04949189e-01
 8.15203684e-01 8.13185562e-01 8.26910676e-01 7.25349677e-01
 7.41588804e-01 6.84969041e-01 7.57968523e-01 7.31839322e-01
 6.86573065e-01 6.32911653e-01 6.36795388e-01 6.54020738e-01
 6.10734958e-01 5.89639598e-01 6.77575308e-01 6.42511719e-01
 7.00806448e-01 7.12967158e-01 6.64738873e-01 7.98357327e-01
 8.00828383e-01 7.14135049e-01 6.25285758e-01 5.85424252e-01
 5.79594285e-01 5.32441517e-01 5.64986973e-01 4.22899881e-01
 3.69276527e-01 5.46582553e-01 4.94009103e-01 4.38271129e-01
 5.38689513e-01 5.60040152e-01 4.40117427e-01 3.47085848e-01
 2.86406454e-01 3.15426745e-01 2.19413815e-01 2.01641440e-01
 1.48436721e-01 1.28038934e-01 2.23142979e-01 1.67561449e-01
 1.15645787e-01 7.34255682e-02 7.69433602e-02 1.56961286e-01
 3.18976683e-01 1.19219228e-01 1.00242143e-01 1.52887752e-02
 1.07708343e-02 3.39092980e-03 3.25330804e-03 2.57974789e-03
 3.96870290e-03 2.57209249e-03 1.63225963e-03 4.35385162e-03
 3.51653378e-02 8.32499502e-03 4.98392859e-03 2.86926071e-03
 1.35865914e-03 1.35268982e-03 1.09617364e-03 1.03314567e-03
 9.28989884e-04 5.95332201e-04 7.31593532e-04 6.77993437e-04
 8.49163154e-04 5.91499199e-04 4.80697809e-04 7.53739789e-04
 5.04519434e-04 4.91654425e-04 1.24398448e-03 7.29277793e-04
 5.08004927e-04 1.04540028e-03 5.24705390e-04 3.71201135e-04
 4.88933831e-04 4.76746103e-04 3.97030075e-04 2.81774726e-04
 2.80989134e-04 2.67231324e-04 2.95559301e-04 2.39041795e-04
 2.93824936e-04 4.14146064e-04 4.03184899e-04 2.34264299e-04]
 History train acc: 
[0.48598132 0.5140187  0.46728973 0.56074768 0.50467291 0.50467291
 0.44859814 0.50467291 0.48598132 0.56074767 0.57009347 0.54205609
 0.57009347 0.64485983 0.60747664 0.63551403 0.58878506 0.71028039
 0.65420562 0.63551403 0.59813085 0.56074768 0.57943927 0.57009347
 0.49532711 0.54205608 0.61682244 0.74766356 0.70093459 0.74766356
 0.682243   0.79439253 0.8411215  0.75700935 0.77570094 0.80373832
 0.71962618 0.6915888  0.82242992 0.8504673  0.88785047 0.8411215
 0.90654206 0.92523365 0.95327103 0.95327103 0.87850468 0.90654206
 0.95327103 0.98130841 0.96261682 0.95327103 0.89719627 0.96261682
 0.97196262 1.         1.         1.         1.         1.
 1.         1.         1.         1.         0.99065421 1.
 1.         1.         1.         1.         1.         1.
 1.         1.         1.         1.         1.         1.
 1.         1.         1.         1.         1.         1.
 1.         1.         1.         1.         1.         1.
 1.         1.         1.         1.         1.         1.
 1.         1.         1.         1.        ]
 History test loss: 
[4.58660678 5.63673303 5.49000558 3.4923723  1.11906481 1.51000194
 0.63759738 0.70851571 0.93536054 1.14024507 1.37481598 0.66385725
 0.82665668 0.74366334 0.72078897 1.4573663  1.20853992 1.03466903
 0.89732367 1.33741102 0.84749783 0.66158968 1.00536565 0.66524204
 0.78022598 0.80993944 0.75413581 0.6135104  1.00515898 1.65113297
 0.91399083 0.71075707 1.01747403 0.87098224 0.89916911 0.79278097
 1.25342328 0.76592464 0.92383604 0.6563663  2.15012247 0.5464799
 1.15555328 0.33427646 0.57618274 1.35919625 1.14399266 0.71759361
 1.14706013 1.22310158 1.19801491 1.93402702 0.90983357 0.29336736
 1.25083704 1.28671799 0.77332178 0.86980619 0.8669028  0.83100684
 0.69165738 0.66422423 0.67121654 0.905889   0.55063484 0.97825745
 1.29350801 1.17358833 1.09709835 1.047517   1.04881605 1.02514753
 1.00863529 0.98015456 0.94755929 0.94550918 0.96614051 0.92691987
 0.90615998 0.90161579 0.92626253 0.93233736 0.80148226 0.72772618
 0.71502192 0.77312418 0.73642935 0.74025588 0.75600805 0.76128555
 0.772627   0.7797804  0.79738024 0.79741968 0.80578394 0.81772336
 0.83190379 0.83247726 0.85301796 0.86492258]
 History test loss: 
[0.58333333 0.58333333 0.58333333 0.50000001 0.58333335 0.58333333
 0.58333333 0.50000001 0.66666667 0.58333333 0.33333334 0.58333335
 0.66666667 0.58333335 0.41666668 0.58333333 0.50000001 0.50000001
 0.75000001 0.66666668 0.58333333 0.66666668 0.58333333 0.58333333
 0.41666667 0.58333335 0.66666667 0.66666668 0.50000001 0.41666668
 0.41666667 0.50000001 0.66666667 0.58333334 0.58333334 0.50000001
 0.33333334 0.58333334 0.50000001 0.66666669 0.50000001 0.58333334
 0.66666668 0.83333334 0.75000001 0.58333334 0.58333334 0.66666668
 0.83333334 0.83333334 0.83333334 0.33333334 0.75000001 0.83333334
 0.58333334 0.83333334 0.66666668 0.66666668 0.66666668 0.66666668
 0.66666668 0.66666668 0.66666668 0.58333335 0.83333334 0.75
 0.66666668 0.66666668 0.66666668 0.66666668 0.66666668 0.66666668
 0.66666668 0.66666668 0.58333334 0.66666668 0.66666668 0.66666668
 0.66666668 0.66666668 0.66666668 0.66666668 0.66666667 0.75
 0.75       0.75       0.75       0.75       0.58333334 0.58333334
 0.58333334 0.58333334 0.58333334 0.58333334 0.58333334 0.58333334
 0.58333334 0.58333334 0.58333334 0.58333334]
Train Loss: 0.2882657186302793
Train Acc: 0.840186921068441
Test Loss: min: 0.293367359166344 mean: 1.0844071181972441
Test Acc: max: 0.8333333432674408 mean: 0.6216666756694518
######################################################
 History train loss: 
[8.18867062e-01 9.15643422e-01 6.64942303e-01 8.57212337e-01
 8.02771097e-01 6.23543570e-01 6.66927806e-01 5.80378629e-01
 6.84978284e-01 7.88353562e-01 6.70435154e-01 7.91115840e-01
 4.81916679e-01 5.14484847e-01 4.80269497e-01 4.02968188e-01
 3.65796515e-01 3.06513981e-01 4.14327804e-01 3.76663423e-01
 2.57317440e-01 6.61011468e-01 4.99415980e-01 3.75443143e-01
 1.44844711e-01 1.36296513e-01 3.57881129e-01 1.56663677e-01
 1.54762779e-01 1.66594569e-01 6.59247257e-02 3.01422993e-02
 1.16852815e-02 6.41615938e-02 1.30395696e-01 2.75348023e-01
 9.11182296e-01 1.18911496e+00 1.01604457e+00 8.98663064e-01
 6.19684900e-01 4.42286588e-01 3.14516688e-01 2.97363146e-01
 2.79298165e-01 3.33013797e-01 1.93877865e-01 1.18153261e-01
 1.39486997e-01 7.84039385e-02 8.48232919e-02 1.04392875e-01
 6.28015195e-02 5.96865453e-02 8.11198354e-02 3.74468375e-02
 3.80975634e-02 5.43345883e-02 6.01275183e-02 8.07431873e-02
 7.74317669e-02 2.32697433e-02 2.86375134e-02 6.28087374e-02
 1.97743641e-01 6.83107850e-01 6.34972243e-01 2.24645410e-01
 9.60172320e-02 5.12588422e-02 5.74215166e-02 2.65158614e-02
 1.36839126e-02 8.45901467e-03 6.35889433e-03 3.46496175e-03
 6.05426056e-03 3.10982183e-03 1.68993384e-03 2.44478778e-03
 9.32504677e-03 3.31364453e-03 2.69880524e-03 1.59822041e-03
 2.16693115e-03 3.64679885e-03 1.16225964e-03 1.63848163e-03
 1.11814686e-03 1.11731774e-03 1.25419978e-03 9.47622844e-04
 1.87299717e-03 1.74000864e-03 1.00659489e-03 9.55882283e-04
 5.89312791e-04 8.01999537e-04 5.61568112e-04 8.74752084e-04]
 History train acc: 
[0.5233645  0.49532711 0.63551403 0.60747665 0.62616824 0.64485983
 0.63551403 0.6915888  0.68224301 0.57943927 0.60747665 0.58878506
 0.71962618 0.71028039 0.73831777 0.80373833 0.81308412 0.87850468
 0.77570095 0.82242992 0.92523365 0.71962618 0.79439253 0.81308412
 0.96261682 0.96261682 0.87850468 0.97196262 0.93457944 0.91588786
 0.99065421 0.99065421 1.         0.97196262 0.97196262 0.89719627
 0.73831777 0.63551403 0.66355142 0.6915888  0.74766356 0.77570094
 0.86915889 0.89719627 0.85981309 0.8504673  0.91588786 0.98130841
 0.93457944 0.99065421 0.95327103 0.95327103 0.99065421 0.98130841
 0.97196262 0.99065421 0.98130841 0.97196262 0.97196262 0.97196262
 0.96261682 1.         0.98130841 0.97196262 0.90654206 0.77570094
 0.85981309 0.89719627 0.95327103 0.98130841 0.99065421 0.99065421
 1.         1.         1.         1.         1.         1.
 1.         1.         1.         1.         1.         1.
 1.         1.         1.         1.         1.         1.
 1.         1.         1.         1.         1.         1.
 1.         1.         1.         1.        ]
 History test loss: 
[7.6773294  5.94264639 6.0370749  6.71587292 5.70992136 2.88850992
 1.9971311  2.2394243  3.36787144 2.72586558 2.97811659 1.09914166
 2.34849896 1.76227175 2.0033037  2.31316552 2.81815382 2.36174855
 1.81979749 3.01112294 1.80157748 5.36447204 8.08812704 5.62616009
 5.37519013 3.55115225 3.9903889  4.43041631 5.71580092 4.23610286
 2.79694011 3.14873307 3.45430466 3.89399246 4.02752354 3.6060948
 6.72323745 5.38046523 6.71587292 3.3650093  3.00725839 1.72573683
 1.95318279 1.72711586 1.83884693 1.69283491 1.92556884 2.02043592
 2.20833628 2.26883061 2.54601621 2.28521405 2.56034602 2.77944915
 2.58322017 2.9294859  3.47962963 2.69585627 2.76471637 2.90810787
 2.39605443 2.40397379 2.74713109 2.75609772 2.24608775 2.37006526
 2.7228862  3.77707403 2.97863674 3.21780752 2.90272451 2.96640598
 2.95380763 3.02654033 3.01139905 3.0943218  3.14352307 3.21731709
 3.26288577 3.2961715  3.13090676 3.10863491 3.18876166 3.22940954
 3.25128707 3.26652439 3.32251733 3.37087528 3.41694746 3.42676477
 3.41896941 3.43303752 3.4115294  3.3822313  3.44125309 3.4783577
 3.44657483 3.54883953 3.59936548 3.64045811]
 History test loss: 
[0.5        0.5        0.41666667 0.58333335 0.58333335 0.58333335
 0.58333335 0.50000001 0.58333335 0.41666667 0.50000001 0.50000001
 0.33333334 0.66666669 0.41666667 0.41666667 0.5        0.58333335
 0.33333334 0.66666669 0.5        0.58333335 0.41666667 0.41666667
 0.5        0.41666668 0.58333335 0.58333334 0.50000001 0.5
 0.5        0.5        0.5        0.58333335 0.33333334 0.41666667
 0.5        0.66666668 0.58333335 0.66666668 0.58333335 0.58333335
 0.75000001 0.75000001 0.41666667 0.25       0.41666667 0.41666667
 0.16666667 0.41666667 0.25       0.41666667 0.33333334 0.16666667
 0.33333334 0.33333334 0.41666668 0.58333335 0.41666667 0.16666667
 0.33333334 0.41666667 0.5        0.5        0.66666667 0.5
 0.33333334 0.58333335 0.41666667 0.41666667 0.41666667 0.41666667
 0.5        0.41666667 0.41666667 0.5        0.5        0.5
 0.5        0.5        0.5        0.58333335 0.33333334 0.33333334
 0.33333334 0.33333334 0.41666667 0.33333334 0.33333334 0.33333334
 0.33333334 0.33333334 0.33333334 0.33333334 0.41666667 0.33333334
 0.33333334 0.33333334 0.33333334 0.33333334]
Train Loss: 0.2543814956149898
Train Acc: 0.8884112194988214
Test Loss: min: 1.0991416573524475 mean: 3.3301287564516064
Test Acc: max: 0.7500000149011612 mean: 0.45166667338460686
######################################################
 History train loss: 
[7.83553187e-01 7.64089873e-01 8.24012324e-01 8.32096648e-01
 6.95075595e-01 7.74957889e-01 7.27022460e-01 7.65690936e-01
 9.83836372e-01 9.92240439e-01 8.12915234e-01 6.79948405e-01
 7.44702599e-01 6.89669496e-01 6.44087892e-01 6.76403688e-01
 6.41076288e-01 6.10503165e-01 6.04580795e-01 6.27099438e-01
 5.04055972e-01 5.14314229e-01 4.82237974e-01 6.53848178e-01
 5.36433135e-01 4.31401322e-01 4.64387040e-01 3.88232281e-01
 3.58416463e-01 4.96806414e-01 3.58342882e-01 2.53369344e-01
 3.60091969e-01 3.17169876e-01 2.91670493e-01 1.26945772e-01
 1.21893871e-01 9.56525547e-02 8.69890379e-02 1.21335121e-01
 1.66854041e-01 1.27265813e-01 8.84938365e-02 2.83521831e-01
 1.88880710e-01 1.85538082e-01 5.44422024e-02 1.53039678e-02
 1.47698190e-02 9.70034007e-03 6.33613060e-03 4.61761901e-03
 1.93642432e-03 1.27913127e-03 7.61877460e-03 9.84549623e-03
 5.36948685e-03 3.28665621e-03 1.07451137e-03 1.33340136e-03
 1.95671591e-03 8.78284924e-04 5.66037041e-04 5.69622587e-04
 4.89873990e-04 3.40624146e-03 2.69220229e-03 2.32291612e-03
 1.08959147e-03 5.87919683e-04 6.47057942e-04 4.72609731e-04
 4.33038469e-04 3.59664616e-04 3.34595139e-04 4.50403587e-04
 2.59398834e-04 3.87121204e-04 2.53880944e-04 2.54377648e-04
 2.70362840e-04 2.11667236e-04 2.48246968e-04 1.74332681e-04
 2.17057717e-04 3.45147707e-04 2.13485589e-04 2.11334736e-04
 1.59143488e-04 2.42980592e-04 2.03469599e-04 3.33137413e-04
 1.15592112e-04 2.43756323e-04 1.84677064e-04 2.28045747e-04
 2.33122929e-04 1.52609313e-04 2.34546520e-04 9.88193025e-05]
 History train acc: 
[0.56074768 0.57009347 0.5233645  0.53271029 0.57009347 0.53271029
 0.50467291 0.58878506 0.45794394 0.49532711 0.57943927 0.60747665
 0.54205609 0.59813086 0.60747665 0.58878506 0.59813085 0.63551403
 0.73831776 0.62616824 0.80373833 0.73831777 0.78504674 0.64485983
 0.72897197 0.77570095 0.79439253 0.81308412 0.79439254 0.79439253
 0.8411215  0.87850468 0.8504673  0.85981309 0.82242992 0.95327103
 0.95327103 0.98130841 0.96261682 0.96261682 0.95327103 0.93457944
 0.96261682 0.85981309 0.90654206 0.93457944 1.         1.
 1.         1.         1.         1.         1.         1.
 1.         1.         1.         1.         1.         1.
 1.         1.         1.         1.         1.         1.
 1.         1.         1.         1.         1.         1.
 1.         1.         1.         1.         1.         1.
 1.         1.         1.         1.         1.         1.
 1.         1.         1.         1.         1.         1.
 1.         1.         1.         1.         1.         1.
 1.         1.         1.         1.        ]
 History test loss: 
[6.71587332 6.71587292 0.68170047 0.66148336 0.90371827 2.10382376
 0.89528596 4.06273766 0.91725318 2.08188019 1.50460568 1.0372815
 0.64926755 0.63431061 0.73830571 0.70535769 0.77723644 0.64511062
 1.94109604 0.81923743 0.6895706  0.95381808 0.63831098 2.24466757
 1.6002884  1.08161915 2.32313906 0.77330001 1.48407868 1.80015548
 1.03764037 0.85555218 0.48334425 0.35382002 2.37263182 0.61871866
 0.99520651 1.37526258 3.04528643 1.3229334  3.38221239 1.20878501
 1.67811484 0.47376858 1.70469347 2.18838308 1.72293951 0.98654815
 1.21162439 1.5887364  1.60987613 1.53562079 1.1849002  1.161978
 1.34218105 1.62843618 1.54973069 1.15116549 1.07095049 0.97694871
 0.839013   0.86263732 0.87967118 0.90203167 0.92817221 1.15912287
 1.09409753 1.03355056 1.11428346 1.23039723 1.31624006 1.34880999
 1.38507229 1.44854549 1.48129226 1.46678858 1.47797416 1.50404767
 1.51308301 1.52833752 1.54627014 1.54323024 1.53320251 1.53883666
 1.53993036 1.56845869 1.64975197 1.64319264 1.63203413 1.61969222
 1.60134797 1.60231453 1.61746498 1.62538846 1.61615839 1.6024776
 1.59131444 1.59450974 1.56161232 1.56089722]
 History test loss: 
[0.58333335 0.58333335 0.66666669 0.58333335 0.41666667 0.58333335
 0.58333335 0.58333335 0.50000001 0.58333335 0.66666668 0.50000001
 0.58333333 0.66666668 0.66666668 0.66666668 0.66666668 0.66666669
 0.66666668 0.66666668 0.66666668 0.66666668 0.75000001 0.50000001
 0.58333335 0.66666667 0.66666668 0.66666668 0.66666667 0.58333335
 0.58333334 0.66666668 0.75000001 0.75000001 0.66666667 0.75
 0.75       0.75       0.58333334 0.75000001 0.66666667 0.75000001
 0.75       0.75000001 0.58333335 0.75000001 0.83333334 0.83333334
 0.83333334 0.75       0.75       0.75       0.75       0.75
 0.83333334 0.75       0.75       0.83333334 0.83333334 0.83333334
 0.75000001 0.75       0.75       0.75       0.75       0.75000001
 0.75000001 0.66666667 0.75       0.75       0.75       0.75
 0.75       0.75       0.75       0.75       0.75       0.75
 0.75       0.75       0.75       0.75       0.75       0.75
 0.75       0.75       0.75       0.75       0.75       0.75
 0.75       0.75       0.75       0.75       0.75       0.75
 0.75       0.75       0.75       0.75      ]
Train Loss: 0.23037358017665066
Train Acc: 0.8774766398088955
Test Loss: min: 0.3538200209538142 mean: 1.4689962941306294
Test Acc: max: 0.8333333432674408 mean: 0.7075000080714625
######################################################
 History train loss: 
[9.31601142e-01 7.99136035e-01 8.39622156e-01 7.88646479e-01
 7.12213771e-01 7.46346148e-01 7.38067282e-01 7.27008196e-01
 7.06771241e-01 7.44193572e-01 8.16131907e-01 8.51831783e-01
 7.15045979e-01 6.81723015e-01 5.85193804e-01 6.10709414e-01
 5.83084293e-01 4.82478716e-01 7.79297514e-01 5.49575631e-01
 5.57309901e-01 4.62471438e-01 3.43437594e-01 3.71268727e-01
 3.36251899e-01 4.70518020e-01 3.20376629e-01 1.39772191e-01
 1.50933976e-01 8.94894332e-02 7.81451505e-02 7.70104960e-02
 4.49737208e-02 9.24188704e-02 4.57567050e-02 2.93919088e-02
 1.31291732e-02 4.12698905e-03 3.70704339e-02 5.37827821e-02
 1.54415986e-01 5.09538714e-01 3.31252573e-01 1.70043551e-01
 1.97600763e-01 8.76784925e-02 6.43263030e-02 4.34173254e-02
 8.52301544e-03 1.76962855e-02 2.92120258e-02 3.29046286e-02
 1.42409905e-02 8.46365189e-03 3.14881581e-03 1.13796061e-03
 2.65391978e-03 1.29530645e-02 1.58114726e-02 4.81905770e-02
 2.40982370e-02 1.18945366e-01 1.48762092e-01 7.81107971e-02
 1.71670289e-02 5.19780189e-03 6.58157442e-03 1.16236621e-02
 4.47715872e-03 9.40189182e-03 1.54287428e-03 8.31563368e-04
 3.77746716e-03 6.74029304e-02 2.46969210e-01 5.93624263e-01
 3.85293292e-01 4.27599241e-01 1.15601592e-01 2.87000738e-02
 9.15426336e-03 1.02237931e-02 5.74568272e-03 3.46017870e-03
 2.78406234e-03 4.96440873e-03 2.01554521e-03 1.36262714e-03
 1.41517244e-03 1.12645925e-03 1.58299518e-03 1.12347375e-03
 2.45555667e-03 6.87042281e-04 1.65647828e-03 8.42328489e-04
 9.55860832e-04 8.27621160e-04 5.71446038e-04 1.78560844e-03]
 History train acc: 
[0.48148149 0.54629631 0.53703705 0.50000001 0.54629631 0.50925927
 0.54629631 0.57407409 0.61111112 0.56481483 0.52777779 0.45370372
 0.55555556 0.55555556 0.66666668 0.66666668 0.67592594 0.78703705
 0.64814816 0.73148149 0.72222223 0.78703705 0.83333334 0.76851853
 0.87962964 0.75925927 0.87037038 0.96296297 0.94444445 0.98148148
 0.98148148 0.97222222 0.98148148 0.96296297 0.99074074 1.
 1.         1.         0.98148148 0.98148148 0.94444445 0.80555556
 0.85185186 0.95370371 0.92592593 0.97222222 0.98148148 0.99074074
 1.         0.99074074 0.98148148 0.97222222 1.         1.
 1.         1.         1.         0.99074074 1.         0.97222222
 0.99074074 0.97222222 0.94444445 0.96296297 1.         1.
 1.         1.         1.         1.         1.         1.
 1.         0.98148148 0.91666667 0.80555557 0.8888889  0.83333334
 0.93518519 1.         1.         1.         1.         1.
 1.         1.         1.         1.         1.         1.
 1.         1.         1.         1.         1.         1.
 1.         1.         1.         1.        ]
 History test loss: 
[0.6640435  1.09446414 1.21426782 0.85298089 0.93029934 0.69566691
 0.75803148 0.76902281 0.77951482 2.12898147 3.09713157 1.68725252
 6.38132513 1.29429324 1.35728467 0.73398733 1.37137469 5.27304656
 1.74384452 1.71603016 2.41622369 2.29747335 2.88029382 3.01770811
 5.63128264 3.79323179 2.51089087 2.56804326 3.11387142 3.79909788
 3.50331005 3.11647099 3.69338081 4.17765765 4.13640115 4.52276442
 4.32222657 4.37147147 3.75811848 3.01255835 4.88802251 6.10392033
 8.43582461 6.90894987 5.44029418 4.39068538 4.76829585 5.83995581
 5.62639986 4.68822354 4.35687711 4.05197157 4.23296211 4.76418506
 5.07553887 4.76547274 4.61181868 4.21313617 4.34957769 7.36924939
 7.4846706  5.58394991 3.45944327 4.2811807  5.53580908 5.33381727
 4.55633874 4.12385873 4.40965713 4.43964262 4.48048132 4.49566787
 4.5522097  5.30531944 6.4222501  7.54742453 8.05484061 6.71213397
 7.261634   7.17301804 6.27871643 5.60497156 5.07568719 5.24419986
 5.18000338 5.22705975 4.9414532  4.85464137 4.74948512 4.71330963
 4.70753841 4.67477196 4.87742654 4.97039502 5.00424129 5.06559344
 5.04035978 5.04543571 5.07552273 5.19613587]
 History test loss: 
[0.45454547 0.36363637 0.54545455 0.45454547 0.45454547 0.63636364
 0.45454547 0.54545455 0.45454547 0.54545455 0.45454547 0.36363638
 0.45454547 0.54545455 0.45454547 0.63636364 0.36363637 0.54545455
 0.63636364 0.63636364 0.54545455 0.27272728 0.36363637 0.45454547
 0.54545455 0.36363637 0.45454547 0.36363637 0.54545455 0.36363637
 0.45454547 0.45454547 0.36363637 0.36363637 0.45454547 0.27272728
 0.36363637 0.36363637 0.36363637 0.27272728 0.36363637 0.36363638
 0.27272728 0.36363637 0.36363637 0.45454547 0.36363637 0.36363637
 0.27272728 0.36363637 0.36363637 0.27272728 0.27272728 0.27272728
 0.27272728 0.27272728 0.27272728 0.27272728 0.18181818 0.45454547
 0.27272728 0.36363637 0.27272728 0.27272728 0.45454547 0.36363637
 0.36363637 0.27272728 0.27272728 0.27272728 0.27272728 0.18181818
 0.27272728 0.45454547 0.45454547 0.45454547 0.45454547 0.36363638
 0.27272728 0.27272728 0.45454547 0.36363637 0.27272728 0.27272728
 0.36363637 0.36363637 0.27272728 0.27272728 0.27272728 0.36363637
 0.36363637 0.36363637 0.36363637 0.36363637 0.36363637 0.36363637
 0.36363637 0.36363637 0.36363637 0.36363637]
Train Loss: 0.22209972953041976
Train Acc: 0.8861111151647788
Test Loss: min: 0.6640435023741289 mean: 4.228069776161155
Test Acc: max: 0.6363636444915425 mean: 0.3800000071254642
######################################################
 History train loss: 
[8.40358781e-01 7.27167508e-01 7.05133184e-01 7.36138823e-01
 7.52893008e-01 7.83678785e-01 6.61099498e-01 6.82914118e-01
 7.21747284e-01 6.39080360e-01 7.44670126e-01 6.51310013e-01
 5.46262333e-01 5.47011288e-01 4.85439097e-01 5.27677869e-01
 4.98084206e-01 4.47157037e-01 5.04946416e-01 4.89805884e-01
 4.45100443e-01 4.28978438e-01 4.60788854e-01 5.48093473e-01
 4.27846826e-01 2.68620284e-01 2.51100875e-01 1.48406822e-01
 6.33816428e-02 1.58459879e-01 2.58349334e-01 1.76727040e-01
 3.20393947e-01 1.48597239e-01 1.38930406e-01 1.51602080e-01
 4.27247877e-01 2.18091019e-01 5.74937406e-02 6.58849347e-02
 4.79639841e-02 9.90990765e-03 8.25665278e-03 4.32764855e-03
 2.16163542e-03 3.58900157e-03 1.99972908e-03 9.19971444e-04
 1.10347372e-03 1.77040212e-03 7.23629221e-04 9.35155327e-04
 8.75006955e-04 6.62005119e-04 7.54017297e-04 8.39405671e-04
 3.87875256e-03 2.99500946e-03 9.30100606e-04 8.98731721e-04
 1.06682009e-03 4.76255443e-04 4.67902212e-04 3.40375748e-04
 5.71630712e-04 3.49832963e-04 2.74701413e-04 2.47025202e-04
 4.73680067e-04 2.23616679e-04 2.48914586e-04 3.12733627e-04
 4.29790329e-04 2.05012307e-04 1.85882652e-04 2.38340045e-04
 4.93619359e-04 2.67903976e-04 1.80727804e-04 3.30227137e-04
 1.26726042e-04 1.82720168e-04 1.69148992e-04 1.31594408e-04
 1.57802308e-04 2.31801847e-04 4.18104880e-04 1.39248885e-04
 1.13669301e-04 1.95253415e-04 1.26218900e-04 1.11302339e-04
 1.86236895e-04 1.27987983e-04 2.04377657e-04 1.62342832e-04
 9.16438318e-05 2.43983078e-04 9.76069556e-05 8.60531041e-05]
 History train acc: 
[0.36111112 0.53703705 0.51851853 0.6388889  0.59259261 0.51851853
 0.62962964 0.61111112 0.62962964 0.6388889  0.62962964 0.60185186
 0.72222224 0.71296297 0.73148149 0.71296297 0.72222224 0.81481483
 0.75000001 0.79629631 0.79629631 0.81481482 0.7962963  0.71296298
 0.78703705 0.87962964 0.92592593 0.96296297 1.         0.95370371
 0.87037038 0.91666667 0.87962964 0.94444445 0.95370371 0.94444445
 0.8425926  0.91666667 0.99074074 0.98148148 0.99074074 1.
 1.         1.         1.         1.         1.         1.
 1.         1.         1.         1.         1.         1.
 1.         1.         1.         1.         1.         1.
 1.         1.         1.         1.         1.         1.
 1.         1.         1.         1.         1.         1.
 1.         1.         1.         1.         1.         1.
 1.         1.         1.         1.         1.         1.
 1.         1.         1.         1.         1.         1.
 1.         1.         1.         1.         1.         1.
 1.         1.         1.         1.        ]
 History test loss: 
[6.75793625 3.8762732  4.98279623 7.32641382 1.05640648 0.97688219
 7.32640687 1.85962503 2.25761762 3.43524417 1.93764153 1.23701857
 1.59702311 1.69044296 1.66091223 1.70695373 1.47894127 2.33234117
 1.99984511 1.98607717 4.7387025  1.94644497 5.36433127 0.93560043
 2.11441075 2.13284217 3.96150105 2.50761208 1.7471643  4.16410493
 5.69193281 4.55178571 4.62720201 4.10312602 4.20654474 5.48930056
 1.2115472  2.60230521 2.93661548 4.99229667 3.71542697 2.5582972
 2.69250209 2.80133541 2.85257205 2.89129374 2.86727879 2.80329503
 2.7752391  2.86507403 2.85522758 2.88966281 2.9087835  2.90847997
 2.93037042 2.9023087  2.98022173 2.6787912  2.69614415 2.73318965
 2.80900306 2.76835949 2.76691114 2.77476907 2.80344261 2.83335265
 2.85680673 2.86793418 2.89339432 2.94856217 2.94207146 2.94129838
 2.93799803 2.94055611 2.93539934 2.93108322 2.85155989 2.84714798
 2.86331073 2.90053415 2.96058141 2.97860152 2.98764725 2.9932888
 2.99361422 3.03637084 2.98243202 2.97799156 3.00287117 3.01427529
 3.02771633 3.03519089 3.02676918 3.0250146  3.00508835 3.0084463
 3.01373048 3.01800236 3.0235789  3.03255519]
 History test loss: 
[0.54545455 0.63636364 0.54545455 0.54545455 0.45454546 0.45454547
 0.54545455 0.63636364 0.54545455 0.54545455 0.45454546 0.63636364
 0.27272728 0.45454547 0.54545455 0.36363637 0.54545455 0.63636364
 0.36363638 0.45454547 0.54545455 0.54545455 0.54545455 0.45454547
 0.54545457 0.36363638 0.45454546 0.36363638 0.45454547 0.36363637
 0.27272728 0.27272728 0.45454547 0.45454546 0.45454546 0.36363637
 0.45454547 0.36363638 0.27272728 0.45454547 0.27272728 0.36363637
 0.36363637 0.27272728 0.36363637 0.45454547 0.45454547 0.45454547
 0.36363637 0.45454547 0.45454547 0.36363637 0.36363637 0.36363637
 0.36363637 0.36363637 0.27272728 0.36363638 0.36363638 0.36363638
 0.27272728 0.27272728 0.36363638 0.36363638 0.36363638 0.36363638
 0.36363638 0.36363638 0.36363638 0.36363637 0.36363637 0.45454547
 0.36363637 0.36363637 0.36363637 0.45454547 0.36363637 0.36363637
 0.36363637 0.36363637 0.27272728 0.27272728 0.27272728 0.36363638
 0.45454547 0.36363637 0.36363638 0.36363638 0.36363638 0.27272728
 0.27272728 0.27272728 0.36363637 0.36363637 0.45454547 0.45454547
 0.36363637 0.36363637 0.36363637 0.36363637]
Train Loss: 0.17962853807213283
Train Acc: 0.9073148182200061
Test Loss: min: 0.9356004324826327 mean: 3.0237092504022125
Test Acc: max: 0.6363636444915425 mean: 0.40363637164235106
######################################################
 History train loss: 
[9.05434821e-01 8.66776851e-01 1.03516444e+00 7.40473924e-01
 9.00706142e-01 7.19803926e-01 7.16033067e-01 6.49420846e-01
 5.79620506e-01 4.95888033e-01 6.47288800e-01 5.96663584e-01
 4.42430393e-01 4.69665350e-01 5.33544268e-01 4.48989043e-01
 3.91076411e-01 3.13020542e-01 3.38581115e-01 3.12498338e-01
 3.07024312e-01 2.63397223e-01 5.03722454e-01 5.96805178e-01
 4.49266183e-01 3.56242851e-01 2.43404786e-01 2.06092884e-01
 6.81939385e-01 4.35308333e-01 2.36780707e-01 1.28609341e-01
 1.09581500e-01 5.46938960e-02 2.44935363e-02 1.33035601e-02
 8.84941629e-03 6.51905726e-03 4.89173300e-03 2.45483314e-03
 2.85031153e-03 3.97667937e-03 1.96866727e-03 2.15733378e-03
 2.47151048e-03 5.46107850e-03 1.00290832e-01 1.60705572e-01
 1.66169465e-01 2.15747619e-01 2.69892890e-01 5.90062710e-01
 3.83951485e-01 1.35203584e-01 9.82501251e-02 5.00559389e-02
 1.24651510e-02 6.35438641e-03 3.61892823e-03 3.33684761e-03
 2.23198572e-03 1.83766724e-03 1.34509824e-03 1.34154701e-03
 8.24722104e-04 8.14420399e-04 9.17363471e-04 9.55914488e-04
 7.61461755e-04 1.38812784e-03 5.86912328e-04 5.85264223e-04
 6.37538247e-04 5.16074239e-04 7.43646125e-04 8.73979290e-04
 4.91611436e-04 5.55978885e-04 4.13519189e-04 6.15956725e-04
 3.25542075e-04 4.25216289e-04 3.27819763e-04 2.76644552e-04
 2.64985645e-04 4.02796175e-04 2.93447800e-04 2.79714182e-04
 3.57863821e-04 2.33383414e-04 2.95503026e-04 2.85456815e-04
 2.36928159e-04 2.32360209e-04 1.64079829e-04 3.34455086e-04
 2.19808344e-04 1.59575888e-04 1.74119003e-04 1.26915954e-04]
 History train acc: 
[0.56481483 0.57407409 0.57407408 0.57407409 0.57407409 0.60185186
 0.72222223 0.62037038 0.65740742 0.75925927 0.65740742 0.72222223
 0.76851853 0.75925927 0.76851853 0.75925927 0.82407408 0.82407408
 0.83333334 0.8425926  0.83333334 0.86111112 0.75000001 0.75000001
 0.80555557 0.8425926  0.86111112 0.92592593 0.74074075 0.77777779
 0.87962964 0.95370371 0.97222222 0.99074074 1.         1.
 1.         1.         1.         1.         1.         1.
 1.         1.         1.         1.         0.96296297 0.94444445
 0.93518519 0.89814815 0.90740741 0.80555557 0.8425926  0.96296297
 0.95370371 0.99074074 1.         1.         1.         1.
 1.         1.         1.         1.         1.         1.
 1.         1.         1.         1.         1.         1.
 1.         1.         1.         1.         1.         1.
 1.         1.         1.         1.         1.         1.
 1.         1.         1.         1.         1.         1.
 1.         1.         1.         1.         1.         1.
 1.         1.         1.         1.        ]
 History test loss: 
[7.32640701 3.42909001 4.4496015  1.80243118 0.65645207 1.14089988
 0.91287654 1.26006264 1.04939021 2.12237586 1.41700902 1.88787037
 1.64281293 3.94001926 2.02248418 2.08628392 1.2678694  2.00058595
 2.7862227  2.09592548 2.38888234 2.75463991 2.17826643 1.69955288
 2.11112944 3.49131391 4.9627716  3.12161796 1.57444501 2.41068857
 2.57672524 3.46602255 3.29001643 4.40619288 3.4571502  3.05757574
 2.98024968 3.1133175  3.30028191 3.34711625 3.39852707 3.28364746
 3.42880272 3.47913024 3.78131461 3.45804677 4.10316147 5.35525606
 3.62401215 5.17139994 4.57517636 6.21756958 5.6709255  5.19458844
 4.14537539 4.47106523 3.91136718 3.9822784  3.94440716 3.83079337
 3.9226399  4.05608415 4.14692051 4.21692753 4.27842415 4.35054048
 4.35316038 4.39227347 4.41417548 4.45549443 4.5040045  4.7132915
 4.87741945 4.98395379 4.98789595 5.04315018 5.11315762 5.15719998
 5.12177639 5.18734133 5.30640226 5.41487392 5.43986772 5.45463363
 5.48618394 5.4941207  5.51052002 5.53512946 5.55309301 5.57370984
 5.58974547 5.6706558  5.73640075 5.75660364 5.76981769 5.72566496
 5.72018181 5.77564521 5.81613811 5.87362875]
 History test loss: 
[0.54545456 0.63636366 0.63636364 0.45454547 0.54545456 0.63636364
 0.54545456 0.63636365 0.54545457 0.63636365 0.45454547 0.45454547
 0.45454547 0.54545456 0.36363637 0.36363637 0.45454547 0.54545457
 0.54545456 0.54545457 0.45454547 0.45454547 0.54545456 0.36363637
 0.45454547 0.45454547 0.45454547 0.45454547 0.63636366 0.63636365
 0.45454547 0.63636366 0.45454547 0.54545456 0.45454547 0.45454547
 0.54545456 0.45454547 0.45454547 0.45454547 0.45454547 0.36363637
 0.45454547 0.45454547 0.45454547 0.54545456 0.36363637 0.36363637
 0.54545455 0.54545457 0.45454546 0.45454547 0.54545456 0.54545456
 0.36363637 0.36363637 0.36363637 0.36363637 0.36363637 0.36363637
 0.36363637 0.36363637 0.36363637 0.36363637 0.36363637 0.36363637
 0.36363637 0.36363637 0.36363637 0.36363637 0.36363637 0.36363637
 0.36363637 0.36363637 0.36363637 0.45454546 0.45454546 0.45454546
 0.45454546 0.45454546 0.45454546 0.45454546 0.45454546 0.45454546
 0.45454546 0.45454546 0.45454546 0.45454546 0.45454546 0.36363637
 0.36363637 0.36363637 0.45454546 0.45454546 0.45454546 0.45454546
 0.45454546 0.45454546 0.45454546 0.45454546]
Train Loss: 0.18975308086384834
Train Acc: 0.9112963001305857
Test Loss: min: 0.6564520651643927 mean: 3.944903194713265
Test Acc: max: 0.6363636580380526 mean: 0.4563636460900306
######################################################